2 0.7776442307692307 0.06850961538461539 0.12620192307692307 0.019230769230769232
2 0.9098557692307693 0.4579326923076923 0.039663461538461536 0.22355769230769232
2 0.9146634615384616 0.7091346153846154 0.040865384615384616 0.23317307692307693
2 0.27524038461538464 0.32211538461538464 0.13341346153846154 0.019230769230769232
0 0.7283653846153846 0.875 0.33653846153846156 0.08774038461538461
0 0.7283653846153846 0.7055288461538461 0.33653846153846156 0.24639423076923078
0 0.7271634615384616 0.45552884615384615 0.33774038461538464 0.23798076923076922
0 0.3125 0.45552884615384615 0.24879807692307693 0.24278846153846154
0 0.28966346153846156 0.703125 0.20673076923076922 0.24278846153846154
0 0.35336538461538464 0.7668269230769231 0.07091346153846154 0.1141826923076923
0 0.2800480769230769 0.19230769230769232 0.17307692307692307 0.2439903846153846
0 0.6466346153846154 0.453125 0.5360576923076923 0.7620192307692307
1 0.36899038461538464 0.2644230769230769 0.13942307692307693 0.051682692307692304
1 0.5877403846153846 0.5480769230769231 0.07091346153846154 0.055288461538461536
1 0.4266826923076923 0.6141826923076923 0.06850961538461539 0.052884615384615384
1 0.421875 0.765625 0.0673076923076923 0.04567307692307692
1 0.46274038461538464 0.8317307692307693 0.12740384615384615 0.1201923076923077
1 0.5853365384615384 0.7860576923076923 0.07451923076923077 0.0625
1 0.7043269230769231 0.8100961538461539 0.06850961538461539 0.057692307692307696