0 0.5504807692307693 0.15504807692307693 0.24639423076923078 0.11778846153846154
2 0.36177884615384615 0.22235576923076922 0.1201923076923077 0.008413461538461538
2 0.6298076923076923 0.21995192307692307 0.09134615384615384 0.013221153846153846
2 0.3942307692307692 0.7548076923076923 0.11658653846153846 0.014423076923076924
2 0.7920673076923077 0.59375 0.016826923076923076 0.038461538461538464
0 0.6983173076923077 0.8161057692307693 0.17307692307692307 0.11057692307692307
0 0.7223557692307693 0.7055288461538461 0.12620192307692307 0.07932692307692307
0 0.71875 0.5805288461538461 0.12980769230769232 0.14903846153846154
0 0.375 0.6262019230769231 0.22355769230769232 0.24519230769230768
0 0.7199519230769231 0.47115384615384615 0.12259615384615384 0.052884615384615384
0 0.5240384615384616 0.45552884615384615 0.5144230769230769 0.4579326923076923
1 0.4951923076923077 0.21754807692307693 0.0889423076923077 0.12139423076923077
1 0.6177884615384616 0.4699519230769231 0.07692307692307693 0.054086538461538464
1 0.47115384615384615 0.5697115384615384 0.07451923076923077 0.04927884615384615
1 0.6274038461538461 0.5649038461538461 0.07211538461538461 0.04807692307692308
1 0.6862980769230769 0.6490384615384616 0.0625 0.05048076923076923
1 0.5456730769230769 0.7079326923076923 0.0673076923076923 0.06009615384615385
1 0.5444711538461539 0.7764423076923077 0.06971153846153846 0.051682692307692304
1 0.5817307692307693 0.8353365384615384 0.07211538461538461 0.04447115384615385