0 0.4951923076923077 0.1141826923076923 0.6430288461538461 0.07572115384615384
0 0.7163461538461539 0.23918269230769232 0.19591346153846154 0.15745192307692307
2 0.8209134615384616 0.18629807692307693 0.014423076923076924 0.021634615384615384
2 0.8209134615384616 0.24158653846153846 0.015625 0.052884615384615384
2 0.8209134615384616 0.29086538461538464 0.01201923076923077 0.020432692307692308
2 0.171875 0.20072115384615385 0.013221153846153846 0.020432692307692308
2 0.16826923076923078 0.2800480769230769 0.01201923076923077 0.021634615384615384
2 0.4495192307692308 0.0733173076923077 0.021634615384615384 0.013221153846153846
2 0.4651442307692308 0.8112980769230769 0.0673076923076923 0.009615384615384616
2 0.27283653846153844 0.8100961538461539 0.04807692307692308 0.01201923076923077
2 0.2668269230769231 0.4807692307692308 0.06610576923076923 0.014423076923076924
2 0.46153846153846156 0.4795673076923077 0.109375 0.014423076923076924
2 0.7247596153846154 0.47836538461538464 0.06370192307692307 0.010817307692307692
2 0.5985576923076923 0.8112980769230769 0.02283653846153846 0.014423076923076924
2 0.7512019230769231 0.8112980769230769 0.06370192307692307 0.013221153846153846
2 0.16947115384615385 0.6045673076923077 0.010817307692307692 0.016826923076923076
2 0.16826923076923078 0.6838942307692307 0.015625 0.02283653846153846
0 0.6081730769230769 0.5228365384615384 0.06971153846153846 0.07572115384615384
0 0.6081730769230769 0.5973557692307693 0.06610576923076923 0.0625
0 0.7295673076923077 0.5576923076923077 0.16947115384615385 0.140625
0 0.7512019230769231 0.7175480769230769 0.12259615384615384 0.171875
0 0.21514423076923078 0.6802884615384616 0.07572115384615384 0.09495192307692307
0 0.26322115384615385 0.7548076923076923 0.17067307692307693 0.09254807692307693
0 0.30528846153846156 0.6682692307692307 0.08533653846153846 0.07211538461538461
0 0.3737980769230769 0.6454326923076923 0.390625 0.3161057692307692
0 0.6286057692307693 0.8545673076923077 0.13221153846153846 0.078125
0 0.6298076923076923 0.7175480769230769 0.12139423076923077 0.16947115384615385
0 0.12259615384615384 0.6790865384615384 0.08533653846153846 0.22596153846153846
1 0.15384615384615385 0.7560096153846154 0.051682692307692304 0.038461538461538464
1 0.23197115384615385 0.75 0.039663461538461536 0.037259615384615384
1 0.33533653846153844 0.7548076923076923 0.038461538461538464 0.03365384615384615
1 0.6598557692307693 0.828125 0.039663461538461536 0.05048076923076923
1 0.6598557692307693 0.7692307692307693 0.039663461538461536 0.040865384615384616
1 0.7067307692307693 0.7127403846153846 0.040865384615384616 0.03485576923076923
1 0.6165865384615384 0.6490384615384616 0.038461538461538464 0.042067307692307696
1 0.6670673076923077 0.6153846153846154 0.039663461538461536 0.038461538461538464
1 0.24158653846153846 0.6875 0.03485576923076923 0.030048076923076924
0 0.27524038461538464 0.24158653846153846 0.1935096153846154 0.1622596153846154
0 0.12139423076923077 0.2403846153846154 0.08413461538461539 0.15384615384615385
0 0.3701923076923077 0.3641826923076923 0.38461538461538464 0.06971153846153846
0 0.7175480769230769 0.36538461538461536 0.1875 0.06850961538461539
0 0.49399038461538464 0.27884615384615385 0.23557692307692307 0.23557692307692307
1 0.15144230769230768 0.24278846153846154 0.04927884615384615 0.038461538461538464
1 0.3605769230769231 0.2439903846153846 0.04326923076923077 0.039663461538461536
1 0.5444711538461539 0.23317307692307693 0.040865384615384616 0.04326923076923077
1 0.6358173076923077 0.21153846153846154 0.04326923076923077 0.03365384615384615