2 0.5408653846153846 0.2091346153846154 0.054086538461538464 0.016826923076923076
2 0.7331730769230769 0.2091346153846154 0.09014423076923077 0.010817307692307692
2 0.6887019230769231 0.6634615384615384 0.1310096153846154 0.015625
2 0.34375 0.6634615384615384 0.08774038461538461 0.008413461538461538
0 0.23317307692307693 0.2800480769230769 0.1778846153846154 0.11778846153846154
0 0.3629807692307692 0.37259615384615385 0.16706730769230768 0.09375
0 0.3858173076923077 0.27163461538461536 0.109375 0.08413461538461539
0 0.20793269230769232 0.4723557692307692 0.125 0.24639423076923078
0 0.21875 0.7055288461538461 0.15625 0.06490384615384616
0 0.2091346153846154 0.6286057692307693 0.1310096153846154 0.056490384615384616
0 0.36177884615384615 0.5396634615384616 0.16466346153846154 0.2283653846153846
0 0.20432692307692307 0.8125 0.12379807692307693 0.13221153846153846
0 0.6526442307692307 0.13581730769230768 0.30649038461538464 0.12620192307692307
0 0.5853365384615384 0.3161057692307692 0.15384615384615385 0.19591346153846154
0 0.7391826923076923 0.3389423076923077 0.13581730769230768 0.24519230769230768
0 0.6586538461538461 0.5384615384615384 0.3016826923076923 0.23197115384615385
1 0.5985576923076923 0.21153846153846154 0.05889423076923077 0.10576923076923077
1 0.30288461538461536 0.29447115384615385 0.05889423076923077 0.037259615384615384
1 0.2127403846153846 0.3629807692307692 0.046875 0.046875
1 0.25841346153846156 0.38341346153846156 0.04807692307692308 0.03125
1 0.30288461538461536 0.4495192307692308 0.05889423076923077 0.038461538461538464
1 0.24759615384615385 0.6201923076923077 0.06009615384615385 0.05048076923076923
1 0.2439903846153846 0.6887019230769231 0.054086538461538464 0.06129807692307692
1 0.30288461538461536 0.8161057692307693 0.0673076923076923 0.042067307692307696
1 0.6911057692307693 0.44471153846153844 0.055288461538461536 0.038461538461538464
1 0.6418269230769231 0.40024038461538464 0.04807692307692308 0.04567307692307692