2 0.17908653846153846 0.16466346153846154 0.06971153846153846 0.02403846153846154
2 0.36658653846153844 0.16346153846153846 0.1346153846153846 0.026442307692307692
2 0.6550480769230769 0.15985576923076922 0.10576923076923077 0.02403846153846154
2 0.8569711538461539 0.16466346153846154 0.13341346153846154 0.018028846153846152
2 0.7896634615384616 0.9459134615384616 0.0733173076923077 0.018028846153846152
2 0.6550480769230769 0.9495192307692307 0.13701923076923078 0.020432692307692308
0 0.14423076923076922 0.3112980769230769 0.15144230769230768 0.2764423076923077
0 0.35216346153846156 0.31490384615384615 0.2512019230769231 0.2776442307692308
0 0.10697115384615384 0.5396634615384616 0.07451923076923077 0.14302884615384615
0 0.3137019230769231 0.5384615384615384 0.33533653846153844 0.14423076923076922
0 0.14302884615384615 0.7007211538461539 0.15625 0.14783653846153846
0 0.13942307692307693 0.859375 0.140625 0.1310096153846154
0 0.3581730769230769 0.7800480769230769 0.2548076923076923 0.3137019230769231
0 0.27524038461538464 0.07451923076923077 0.43149038461538464 0.14543269230769232
0 0.7644230769230769 0.07692307692307693 0.4230769230769231 0.13822115384615385
0 0.8125 0.8846153846153846 0.10576923076923077 0.0985576923076923
0 0.9206730769230769 0.8798076923076923 0.0889423076923077 0.10576923076923077
0 0.7572115384615384 0.4987980769230769 0.4206730769230769 0.6490384615384616
0 0.6538461538461539 0.7800480769230769 0.21033653846153846 0.31490384615384615
1 0.18629807692307693 0.44471153846153844 0.07211538461538461 0.04567307692307692
1 0.28725961538461536 0.44711538461538464 0.0733173076923077 0.05048076923076923
1 0.15865384615384615 0.5504807692307693 0.037259615384615384 0.06129807692307692
1 0.2764423076923077 0.6358173076923077 0.0673076923076923 0.04567307692307692
1 0.234375 0.7235576923076923 0.036057692307692304 0.051682692307692304
1 0.18870192307692307 0.7740384615384616 0.06009615384615385 0.040865384615384616
1 0.7379807692307693 0.7139423076923077 0.054086538461538464 0.0829326923076923
1 0.7980769230769231 0.8137019230769231 0.06490384615384616 0.04567307692307692
1 0.8978365384615384 0.8161057692307693 0.04567307692307692 0.028846153846153848
1 0.7487980769230769 0.14302884615384615 0.06370192307692307 0.052884615384615384
1 0.15504807692307693 0.056490384615384616 0.038461538461538464 0.06370192307692307