2 0.1658653846153846 0.20432692307692307 0.06610576923076923 0.0673076923076923
2 0.04567307692307692 0.5901442307692307 0.016826923076923076 0.07692307692307693
2 0.24879807692307693 0.21394230769230768 0.055288461538461536 0.0625
2 0.34375 0.21153846153846154 0.02403846153846154 0.0673076923076923
2 0.4483173076923077 0.21875 0.042067307692307696 0.06129807692307692
2 0.5649038461538461 0.2091346153846154 0.1141826923076923 0.0625
0 0.8521634615384616 0.4831730769230769 0.09375 0.5036057692307693
0 0.1310096153846154 0.4891826923076923 0.15625 0.4855769230769231
0 0.24759615384615385 0.35216346153846156 0.06610576923076923 0.1778846153846154
0 0.3317307692307692 0.38100961538461536 0.09375 0.2800480769230769
0 0.5012019230769231 0.49399038461538464 0.5841346153846154 0.47115384615384615
1 0.7992788461538461 0.5865384615384616 0.09375 0.14182692307692307
1 0.265625 0.7475961538461539 0.04807692307692308 0.2920673076923077
1 0.19110576923076922 0.6682692307692307 0.04807692307692308 0.14903846153846154
1 0.33653846153846156 0.5877403846153846 0.040865384615384616 0.13221153846153846
1 0.29447115384615385 0.4050480769230769 0.039663461538461536 0.09975961538461539