2 0.2512019230769231 0.2403846153846154 0.11778846153846154 0.028846153846153848
2 0.5420673076923077 0.2403846153846154 0.03245192307692308 0.027644230769230768
2 0.9182692307692307 0.4543269230769231 0.021634615384615384 0.14783653846153846
2 0.921875 0.6935096153846154 0.018028846153846152 0.14903846153846154
2 0.11177884615384616 0.7115384615384616 0.021634615384615384 0.15264423076923078
0 0.7704326923076923 0.7307692307692307 0.28125 0.2620192307692308
0 0.7680288461538461 0.4170673076923077 0.2824519230769231 0.34375
0 0.5769230769230769 0.35216346153846156 0.1466346153846154 0.19471153846153846
0 0.4891826923076923 0.6514423076923077 0.0829326923076923 0.1502403846153846
0 0.36778846153846156 0.5600961538461539 0.4963942307692308 0.6129807692307693
1 0.34615384615384615 0.2439903846153846 0.06490384615384616 0.1778846153846154
1 0.5540865384615384 0.6911057692307693 0.0673076923076923 0.06129807692307692
1 0.4699519230769231 0.7752403846153846 0.06370192307692307 0.06129807692307692
1 0.484375 0.875 0.06129807692307692 0.171875
1 0.6526442307692307 0.6430288461538461 0.06610576923076923 0.07692307692307693
1 0.6502403846153846 0.4987980769230769 0.07091346153846154 0.07932692307692307
1 0.5649038461538461 0.49158653846153844 0.057692307692307696 0.08413461538461539
0 0.2860576923076923 0.13581730769230768 0.2644230769230769 0.18269230769230768