2 0.7884615384615384 0.07451923076923077 0.15745192307692307 0.016826923076923076
2 0.2980769230769231 0.078125 0.2644230769230769 0.020432692307692308
2 0.7776442307692307 0.9435096153846154 0.13822115384615385 0.016826923076923076
2 0.2956730769230769 0.9447115384615384 0.12139423076923077 0.016826923076923076
0 0.13701923076923078 0.5228365384615384 0.203125 0.20552884615384615
0 0.3389423076923077 0.5252403846153846 0.19230769230769232 0.19951923076923078
0 0.2403846153846154 0.7836538461538461 0.4050480769230769 0.30528846153846156
0 0.5372596153846154 0.8641826923076923 0.17427884615384615 0.0625
0 0.7896634615384616 0.7800480769230769 0.30408653846153844 0.3088942307692308
0 0.8701923076923077 0.5649038461538461 0.15384615384615385 0.11538461538461539
0 0.7115384615384616 0.5661057692307693 0.13701923076923078 0.11778846153846154
0 0.49158653846153844 0.453125 0.9002403846153846 0.7379807692307693
1 0.5661057692307693 0.078125 0.08653846153846154 0.13341346153846154
1 0.4807692307692308 0.5276442307692307 0.09615384615384616 0.04927884615384615
1 0.6009615384615384 0.5685096153846154 0.09014423076923077 0.06370192307692307
1 0.6706730769230769 0.6730769230769231 0.08413461538461539 0.055288461538461536
1 0.8449519230769231 0.6574519230769231 0.08173076923076923 0.06971153846153846
1 0.4074519230769231 0.6706730769230769 0.08653846153846154 0.05889423076923077
1 0.2776442307692308 0.5324519230769231 0.09134615384615384 0.06370192307692307
1 0.5144230769230769 0.7980769230769231 0.07692307692307693 0.0625
1 0.5144230769230769 0.9266826923076923 0.08413461538461539 0.07211538461538461