0 0.5096153846153846 0.7932692307692307 0.19471153846153846 0.3870192307692308
2 0.6081730769230769 0.6298076923076923 0.006009615384615385 0.0985576923076923
2 0.609375 0.859375 0.004807692307692308 0.25240384615384615
2 0.30649038461538464 0.19951923076923078 0.17668269230769232 0.015625
0 0.7932692307692307 0.4411057692307692 0.20673076923076922 0.4639423076923077
0 0.9362980769230769 0.5192307692307693 0.09254807692307693 0.13581730769230768
0 0.9350961538461539 0.3870192307692308 0.09254807692307693 0.11778846153846154
0 0.9326923076923077 0.21754807692307693 0.10576923076923077 0.19591346153846154
1 0.8894230769230769 0.2920673076923077 0.04927884615384615 0.042067307692307696
1 0.8822115384615384 0.34975961538461536 0.02283653846153846 0.037259615384615384
1 0.8786057692307693 0.5588942307692307 0.030048076923076924 0.051682692307692304
1 0.6153846153846154 0.5588942307692307 0.03125 0.05048076923076923
1 0.5216346153846154 0.5612980769230769 0.030048076923076924 0.04807692307692308
1 0.4110576923076923 0.16947115384615385 0.025240384615384616 0.04807692307692308
1 0.4675480769230769 0.30528846153846156 0.018028846153846152 0.039663461538461536
1 0.43028846153846156 0.2668269230769231 0.026442307692307692 0.038461538461538464
1 0.34375 0.26802884615384615 0.027644230769230768 0.04927884615384615
1 0.36658653846153844 0.41947115384615385 0.027644230769230768 0.04807692307692308
1 0.20552884615384615 0.17307692307692307 0.02403846153846154 0.05048076923076923
1 0.2956730769230769 0.4951923076923077 0.019230769230769232 0.038461538461538464
1 0.23798076923076922 0.6959134615384616 0.02403846153846154 0.042067307692307696
1 0.20432692307692307 0.7487980769230769 0.036057692307692304 0.06370192307692307
1 0.20432692307692307 0.8317307692307693 0.03485576923076923 0.06610576923076923
0 0.2283653846153846 0.8942307692307693 0.11538461538461539 0.16826923076923078
0 0.48677884615384615 0.22596153846153846 0.08413461538461539 0.18269230769230768
0 0.4891826923076923 0.3858173076923077 0.078125 0.10216346153846154
0 0.5576923076923077 0.5132211538461539 0.08413461538461539 0.13822115384615385
0 0.4579326923076923 0.5132211538461539 0.10096153846153846 0.125
0 0.39663461538461536 0.32572115384615385 0.0829326923076923 0.23197115384615385
0 0.2127403846153846 0.49759615384615385 0.3894230769230769 0.5877403846153846