2 0.08653846153846154 0.23557692307692307 0.019230769230769232 0.18269230769230768
2 0.08774038461538461 0.5252403846153846 0.015625 0.11177884615384616
2 0.08774038461538461 0.7884615384615384 0.014423076923076924 0.18028846153846154
2 0.4170673076923077 0.1310096153846154 0.03245192307692308 0.027644230769230768
2 0.5588942307692307 0.12980769230769232 0.1141826923076923 0.028846153846153848
0 0.8713942307692307 0.30649038461538464 0.06971153846153846 0.3245192307692308
0 0.2283653846153846 0.2704326923076923 0.265625 0.2512019230769231
0 0.41466346153846156 0.21875 0.09375 0.16947115384615385
0 0.2283653846153846 0.7608173076923077 0.27163461538461536 0.234375
0 0.4579326923076923 0.5108173076923077 0.7295673076923077 0.7439903846153846
1 0.8377403846153846 0.4182692307692308 0.11177884615384616 0.06971153846153846
2 0.8305288461538461 0.25961538461538464 0.018028846153846152 0.2403846153846154
1 0.44591346153846156 0.8521634615384616 0.06009615384615385 0.0985576923076923
1 0.3425480769230769 0.6887019230769231 0.057692307692307696 0.06850961538461539
1 0.4411057692307692 0.33413461538461536 0.037259615384615384 0.0673076923076923
1 0.28725961538461536 0.3701923076923077 0.04447115384615385 0.08052884615384616