2 0.17307692307692307 0.1935096153846154 0.07451923076923077 0.020432692307692308
2 0.3485576923076923 0.1935096153846154 0.07451923076923077 0.019230769230769232
2 0.5300480769230769 0.1935096153846154 0.15745192307692307 0.021634615384615384
2 0.7572115384615384 0.8497596153846154 0.07692307692307693 0.013221153846153846
2 0.17908653846153846 0.8413461538461539 0.07692307692307693 0.019230769230769232
2 0.4987980769230769 0.8942307692307693 0.04326923076923077 0.05889423076923077
2 0.5528846153846154 0.9194711538461539 0.057692307692307696 0.021634615384615384
2 0.609375 0.8930288461538461 0.046875 0.055288461538461536
2 0.8076923076923077 0.19471153846153846 0.07572115384615384 0.020432692307692308
2 0.3918269230769231 0.8461538461538461 0.028846153846153848 0.014423076923076924
0 0.7668269230769231 0.11658653846153846 0.18990384615384615 0.11658653846153846
0 0.3269230769230769 0.328125 0.15384615384615385 0.25
0 0.17067307692307693 0.37259615384615385 0.15264423076923078 0.34615384615384615
0 0.13822115384615385 0.5961538461538461 0.09254807692307693 0.1045673076923077
0 0.19110576923076922 0.7175480769230769 0.1935096153846154 0.24278846153846154
0 0.3293269230769231 0.7752403846153846 0.08774038461538461 0.12740384615384615
0 0.40625 0.7548076923076923 0.06850961538461539 0.17307692307692307
0 0.3293269230769231 0.3293269230769231 0.15384615384615385 0.25721153846153844
0 0.5492788461538461 0.5480769230769231 0.609375 0.7103365384615384
0 0.765625 0.7331730769230769 0.18028846153846154 0.2091346153846154
0 0.7223557692307693 0.5721153846153846 0.09975961538461539 0.1875
0 0.8100961538461539 0.5504807692307693 0.08533653846153846 0.14302884615384615
1 0.8810096153846154 0.7487980769230769 0.051682692307692304 0.0889423076923077
1 0.7139423076923077 0.19110576923076922 0.04326923076923077 0.1346153846153846
1 0.7355769230769231 0.4567307692307692 0.036057692307692304 0.052884615384615384
1 0.27283653846153844 0.4362980769230769 0.04567307692307692 0.06370192307692307
1 0.13341346153846154 0.5276442307692307 0.03365384615384615 0.055288461538461536
1 0.2283653846153846 0.5060096153846154 0.04326923076923077 0.06490384615384616
1 0.2608173076923077 0.6550480769230769 0.04927884615384615 0.08653846153846154
1 0.3161057692307692 0.7439903846153846 0.051682692307692304 0.0673076923076923
1 0.3161057692307692 0.8774038461538461 0.052884615384615384 0.0733173076923077
1 0.75 0.6706730769230769 0.04326923076923077 0.08533653846153846
1 0.6887019230769231 0.7584134615384616 0.04567307692307692 0.05889423076923077
1 0.7512019230769231 0.5096153846153846 0.039663461538461536 0.051682692307692304
1 0.37740384615384615 0.6826923076923077 0.04567307692307692 0.046875
0 0.39903846153846156 0.9182692307692307 0.22716346153846154 0.12379807692307693
0 0.21634615384615385 0.5745192307692307 0.06370192307692307 0.046875