2 0.9795673076923077 0.7223557692307693 0.020432692307692308 0.13581730769230768
2 0.9819711538461539 0.4254807692307692 0.02403846153846154 0.140625
2 0.9783653846153846 0.14903846153846154 0.016826923076923076 0.13701923076923078
0 0.8245192307692307 0.14903846153846154 0.2956730769230769 0.21875
0 0.8233173076923077 0.4206730769230769 0.28966346153846156 0.2956730769230769
0 0.8269230769230769 0.7175480769230769 0.29447115384615385 0.2668269230769231
0 0.5036057692307693 0.8221153846153846 0.12620192307692307 0.2776442307692308
0 0.4579326923076923 0.5 0.46875 0.9290865384615384
2 0.21033653846153846 0.7043269230769231 0.020432692307692308 0.14302884615384615
2 0.2127403846153846 0.8737980769230769 0.016826923076923076 0.06850961538461539
2 0.21634615384615385 0.38822115384615385 0.03485576923076923 0.21875
1 0.21153846153846154 0.5372596153846154 0.04927884615384615 0.0733173076923077
1 0.6875 0.2247596153846154 0.016826923076923076 0.06129807692307692
1 0.6490384615384616 0.15865384615384615 0.04447115384615385 0.026442307692307692
1 0.6935096153846154 0.41346153846153844 0.040865384615384616 0.09375
1 0.6959134615384616 0.6262019230769231 0.03365384615384615 0.06370192307692307
1 0.6346153846153846 0.8665865384615384 0.08173076923076923 0.05048076923076923
1 0.5841346153846154 0.7596153846153846 0.026442307692307692 0.056490384615384616
1 0.5841346153846154 0.6502403846153846 0.025240384615384616 0.04927884615384615
0 0.15144230769230768 0.421875 0.10697115384615384 0.3137019230769231