2 0.04927884615384615 0.5204326923076923 0.025240384615384616 0.41947115384615385
2 0.8209134615384616 0.65625 0.015625 0.25961538461538464
2 0.8197115384615384 0.3737980769230769 0.008413461538461538 0.19110576923076922
0 0.3713942307692308 0.3605769230769231 0.14543269230769232 0.265625
0 0.1658653846153846 0.53125 0.23798076923076922 0.6009615384615384
0 0.5576923076923077 0.5264423076923077 0.5204326923076923 0.6009615384615384
0 0.8798076923076923 0.5288461538461539 0.11057692307692307 0.6069711538461539
1 0.47836538461538464 0.4579326923076923 0.05889423076923077 0.10216346153846154
1 0.3737980769230769 0.5576923076923077 0.06370192307692307 0.1201923076923077
1 0.4651442307692308 0.6442307692307693 0.057692307692307696 0.10576923076923077
1 0.3401442307692308 0.8389423076923077 0.06009615384615385 0.21634615384615385
1 0.2608173076923077 0.6274038461538461 0.06971153846153846 0.10216346153846154