2 0.5697115384615384 0.07211538461538461 0.2644230769230769 0.04326923076923077
2 0.04567307692307692 0.265625 0.03365384615384615 0.18028846153846154
2 0.04447115384615385 0.6514423076923077 0.03125 0.1778846153846154
2 0.8509615384615384 0.21514423076923078 0.12860576923076922 0.037259615384615384
0 0.20192307692307693 0.28725961538461536 0.27884615384615385 0.3858173076923077
0 0.5456730769230769 0.3545673076923077 0.36778846153846156 0.5228365384615384
0 0.6598557692307693 0.5168269230769231 0.5997596153846154 0.5420673076923077
0 0.8629807692307693 0.12620192307692307 0.23076923076923078 0.12740384615384615
0 0.20673076923076922 0.6490384615384616 0.296875 0.30649038461538464
0 0.8846153846153846 0.7079326923076923 0.13822115384615385 0.15865384615384615
1 0.7740384615384616 0.14543269230769232 0.08653846153846154 0.09375
1 0.3173076923076923 0.35697115384615385 0.08774038461538461 0.09735576923076923
1 0.5336538461538461 0.578125 0.1201923076923077 0.09014423076923077
1 0.390625 0.6754807692307693 0.07211538461538461 0.0889423076923077
1 0.6129807692307693 0.8125 0.08173076923076923 0.23918269230769232
1 0.7668269230769231 0.5697115384615384 0.07211538461538461 0.10216346153846154
1 0.7752403846153846 0.6778846153846154 0.06850961538461539 0.08774038461538461