2 0.9411057692307693 0.7355769230769231 0.02283653846153846 0.14423076923076922
2 0.9423076923076923 0.38822115384615385 0.021634615384615384 0.27403846153846156
2 0.040865384615384616 0.6887019230769231 0.015625 0.1778846153846154
2 0.04326923076923077 0.390625 0.014423076923076924 0.18509615384615385
0 0.2692307692307692 0.30649038461538464 0.4338942307692308 0.42427884615384615
0 0.1971153846153846 0.7223557692307693 0.2824519230769231 0.37259615384615385
0 0.4206730769230769 0.7992788461538461 0.14302884615384615 0.22956730769230768
0 0.6394230769230769 0.5 0.5793269230769231 0.8112980769230769
1 0.32091346153846156 0.5985576923076923 0.057692307692307696 0.08533653846153846
1 0.3918269230769231 0.5709134615384616 0.038461538461538464 0.09975961538461539
1 0.41225961538461536 0.6382211538461539 0.04447115384615385 0.09014423076923077