2 0.9411057692307693 0.7824519230769231 0.038461538461538464 0.015625
2 0.8040865384615384 0.7824519230769231 0.042067307692307696 0.015625
2 0.5805288461538461 0.7800480769230769 0.10216346153846154 0.016826923076923076
2 0.33653846153846156 0.7824519230769231 0.1045673076923077 0.015625
2 0.1045673076923077 0.78125 0.057692307692307696 0.020432692307692308
2 0.0985576923076923 0.16826923076923078 0.09134615384615384 0.015625
2 0.22716346153846154 0.11298076923076923 0.008413461538461538 0.09615384615384616
2 0.27283653846153844 0.057692307692307696 0.07692307692307693 0.02403846153846154
2 0.5817307692307693 0.16947115384615385 0.09735576923076923 0.015625
2 0.7067307692307693 0.11057692307692307 0.01201923076923077 0.0985576923076923
2 0.7548076923076923 0.05889423076923077 0.078125 0.019230769230769232
0 0.2620192307692308 0.4182692307692308 0.43509615384615385 0.7079326923076923
0 0.7295673076923077 0.27283653846153844 0.4182692307692308 0.4182692307692308
0 0.6346153846153846 0.6334134615384616 0.2247596153846154 0.2764423076923077
0 0.8617788461538461 0.6766826923076923 0.21153846153846154 0.19831730769230768
0 0.859375 0.4855769230769231 0.21394230769230768 0.15504807692307693
1 0.1778846153846154 0.20432692307692307 0.0625 0.09254807692307693
1 0.32572115384615385 0.5300480769230769 0.051682692307692304 0.06009615384615385
1 0.21394230769230768 0.7451923076923077 0.051682692307692304 0.052884615384615384
1 0.23677884615384615 0.8149038461538461 0.0625 0.09254807692307693
0 0.16826923076923078 0.7355769230769231 0.056490384615384616 0.06971153846153846
1 0.6646634615384616 0.20432692307692307 0.0673076923076923 0.09014423076923077
1 0.7896634615384616 0.375 0.057692307692307696 0.08413461538461539
1 0.8377403846153846 0.5420673076923077 0.056490384615384616 0.08413461538461539
1 0.7728365384615384 0.53125 0.05889423076923077 0.07211538461538461