1 0.6911057692307693 0.8629807692307693 0.06971153846153846 0.02403846153846154
1 0.7103365384615384 0.12139423076923077 0.03245192307692308 0.021634615384615384
1 0.6153846153846154 0.12379807692307693 0.0733173076923077 0.021634615384615384
1 0.4254807692307692 0.12620192307692307 0.09014423076923077 0.021634615384615384
1 0.45072115384615385 0.8641826923076923 0.06129807692307692 0.02283653846153846
2 0.36778846153846156 0.06490384615384616 0.15384615384615385 0.09134615384615384
2 0.6105769230769231 0.2800480769230769 0.12860576923076922 0.29447115384615385
2 0.7223557692307693 0.20072115384615385 0.08653846153846154 0.1346153846153846
2 0.7235576923076923 0.3954326923076923 0.09014423076923077 0.2403846153846154
2 0.7211538461538461 0.5673076923076923 0.08774038461538461 0.08533653846153846
2 0.6550480769230769 0.7355769230769231 0.21514423076923078 0.2283653846153846
2 0.6105769230769231 0.5204326923076923 0.125 0.17067307692307693
2 0.45552884615384615 0.6526442307692307 0.1045673076923077 0.4074519230769231
2 0.3713942307692308 0.796875 0.04807692307692308 0.11057692307692307
2 0.31490384615384615 0.8016826923076923 0.05048076923076923 0.10216346153846154
2 0.39903846153846156 0.43509615384615385 0.21875 0.59375
0 0.34375 0.125 0.05048076923076923 0.16826923076923078
0 0.7055288461538461 0.3016826923076923 0.03245192307692308 0.0733173076923077
0 0.6502403846153846 0.41225961538461536 0.03485576923076923 0.0733173076923077
0 0.6622596153846154 0.46875 0.039663461538461536 0.04927884615384615
0 0.6622596153846154 0.5661057692307693 0.039663461538461536 0.054086538461538464
0 0.6153846153846154 0.59375 0.03485576923076923 0.06490384615384616
0 0.32091346153846156 0.7151442307692307 0.03245192307692308 0.0625
0 0.38100961538461536 0.6959134615384616 0.04927884615384615 0.06490384615384616
0 0.37259615384615385 0.7752403846153846 0.04326923076923077 0.07692307692307693
0 0.37259615384615385 0.8954326923076923 0.04567307692307692 0.08653846153846154