2 0.2536057692307692 0.0985576923076923 0.4110576923076923 0.09014423076923077
2 0.34375 0.25600961538461536 0.21995192307692307 0.20432692307692307
2 0.2548076923076923 0.36899038461538464 0.39903846153846156 0.421875
2 0.0985576923076923 0.546875 0.08653846153846154 0.06490384615384616
2 0.11538461538461539 0.6358173076923077 0.1201923076923077 0.09375
2 0.31850961538461536 0.6322115384615384 0.26802884615384615 0.0889423076923077
2 0.6045673076923077 0.7259615384615384 0.16105769230769232 0.06971153846153846
2 0.8125 0.8112980769230769 0.2439903846153846 0.23677884615384615
2 0.5528846153846154 0.6334134615384616 0.08653846153846154 0.08533653846153846
2 0.6418269230769231 0.6310096153846154 0.0673076923076923 0.0889423076923077
2 0.36658653846153844 0.5480769230769231 0.17307692307692307 0.06971153846153846
2 0.7139423076923077 0.09975961538461539 0.4230769230769231 0.078125
2 0.7091346153846154 0.41586538461538464 0.39663461538461536 0.5216346153846154
1 0.12980769230769232 0.15144230769230768 0.140625 0.01201923076923077
1 0.35216346153846156 0.14783653846153846 0.12379807692307693 0.014423076923076924
1 0.5853365384615384 0.1502403846153846 0.13581730769230768 0.010817307692307692
1 0.8028846153846154 0.14783653846153846 0.125 0.014423076923076924
1 0.8040865384615384 0.6802884615384616 0.12139423076923077 0.01201923076923077
1 0.5492788461538461 0.6838942307692307 0.036057692307692304 0.010817307692307692
0 0.17307692307692307 0.5625 0.055288461538461536 0.036057692307692304
0 0.2512019230769231 0.5673076923076923 0.06490384615384616 0.03365384615384615
0 0.20673076923076922 0.6105769230769231 0.054086538461538464 0.04326923076923077
0 0.26322115384615385 0.3449519230769231 0.051682692307692304 0.036057692307692304
0 0.2644230769230769 0.12860576923076922 0.05048076923076923 0.04807692307692308
0 0.7127403846153846 0.12980769230769232 0.05048076923076923 0.04927884615384615
0 0.5733173076923077 0.5673076923076923 0.042067307692307696 0.037259615384615384
0 0.6442307692307693 0.6057692307692307 0.052884615384615384 0.038461538461538464
0 0.6430288461538461 0.7007211538461539 0.054086538461538464 0.052884615384615384