1 0.06490384615384616 0.6213942307692307 0.027644230769230768 0.17908653846153846
1 0.9579326923076923 0.3173076923076923 0.025240384615384616 0.18509615384615385
1 0.9603365384615384 0.5889423076923077 0.025240384615384616 0.1935096153846154
1 0.1141826923076923 0.29447115384615385 0.016826923076923076 0.18028846153846154
2 0.49038461538461536 0.46634615384615385 0.9086538461538461 0.5336538461538461
2 0.5913461538461539 0.3004807692307692 0.10336538461538461 0.17908653846153846
2 0.8016826923076923 0.33533653846153844 0.2848557692307692 0.2704326923076923
0 0.11298076923076923 0.4411057692307692 0.018028846153846152 0.09254807692307693
0 0.46274038461538464 0.640625 0.01201923076923077 0.07572115384615384
0 0.6514423076923077 0.43509615384615385 0.016826923076923076 0.07211538461538461
0 0.6177884615384616 0.3942307692307692 0.04567307692307692 0.013221153846153846
0 0.5901442307692307 0.7427884615384616 0.07572115384615384 0.015625