2 0.7692307692307693 0.7536057692307693 0.30528846153846156 0.22956730769230768
2 0.7295673076923077 0.36899038461538464 0.3762019230769231 0.5288461538461539
2 0.23197115384615385 0.7391826923076923 0.3545673076923077 0.2692307692307692
2 0.15504807692307693 0.5456730769230769 0.16947115384615385 0.09254807692307693
2 0.33533653846153844 0.5480769230769231 0.14423076923076922 0.10096153846153846
2 0.40024038461538464 0.49038461538461536 0.6850961538461539 0.7620192307692307
0 0.3870192307692308 0.057692307692307696 0.10697115384615384 0.08774038461538461
0 0.6538461538461539 0.7079326923076923 0.10697115384615384 0.08533653846153846
0 0.3701923076923077 0.6826923076923077 0.1141826923076923 0.09134615384615384
0 0.4735576923076923 0.9206730769230769 0.11538461538461539 0.09375
0 0.4567307692307692 0.5600961538461539 0.09975961538461539 0.07932692307692307
0 0.5024038461538461 0.5252403846153846 0.11177884615384616 0.08774038461538461
0 0.7980769230769231 0.34375 0.09375 0.08052884615384616