1 0.037259615384615384 0.5985576923076923 0.007211538461538462 0.04567307692307692
1 0.037259615384615384 0.7776442307692307 0.008413461538461538 0.046875
1 0.15384615384615385 0.9194711538461539 0.026442307692307692 0.014423076923076924
1 0.18269230769230768 0.026442307692307692 0.09134615384615384 0.013221153846153846
1 0.6911057692307693 0.03125 0.057692307692307696 0.014423076923076924
1 0.9026442307692307 0.030048076923076924 0.057692307692307696 0.01201923076923077
1 0.9723557692307693 0.22235576923076922 0.006009615384615385 0.10216346153846154
1 0.8834134615384616 0.6911057692307693 0.05889423076923077 0.015625
1 0.4987980769230769 0.6947115384615384 0.06370192307692307 0.009615384615384616
1 0.4963942307692308 0.027644230769230768 0.06370192307692307 0.015625
2 0.21514423076923078 0.21634615384615385 0.3485576923076923 0.3786057692307692
2 0.07211538461538461 0.5516826923076923 0.06850961538461539 0.2644230769230769
2 0.0733173076923077 0.8004807692307693 0.0673076923076923 0.22115384615384615
2 0.14543269230769232 0.8016826923076923 0.0733173076923077 0.22115384615384615
2 0.28365384615384615 0.8052884615384616 0.19230769230769232 0.22716346153846154
2 0.14543269230769232 0.6286057692307693 0.06971153846153846 0.11658653846153846
2 0.19831730769230768 0.5528846153846154 0.171875 0.2668269230769231
2 0.4411057692307692 0.3581730769230769 0.30528846153846156 0.65625
2 0.6887019230769231 0.15144230769230768 0.18028846153846154 0.25
2 0.8774038461538461 0.21634615384615385 0.18389423076923078 0.375
2 0.8762019230769231 0.5504807692307693 0.1814903846153846 0.2704326923076923
2 0.6814903846153846 0.7463942307692307 0.13581730769230768 0.10697115384615384
2 0.6322115384615384 0.3473557692307692 0.06490384615384616 0.12139423076923077
2 0.6899038461538461 0.484375 0.18028846153846154 0.40865384615384615
0 0.6887019230769231 0.84375 0.054086538461538464 0.08774038461538461
0 0.33653846153846156 0.8509615384615384 0.055288461538461536 0.08774038461538461
0 0.15745192307692307 0.5444711538461539 0.04447115384615385 0.057692307692307696