1 0.08533653846153846 0.28846153846153844 0.020432692307692308 0.2668269230769231
1 0.08653846153846154 0.6021634615384616 0.015625 0.24759615384615385
1 0.8774038461538461 0.2091346153846154 0.018028846153846152 0.25841346153846156
2 0.9254807692307693 0.24158653846153846 0.07932692307692307 0.38822115384615385
2 0.7980769230769231 0.5877403846153846 0.31490384615384615 0.25
1 0.9639423076923077 0.5853365384615384 0.013221153846153846 0.2247596153846154
2 0.25721153846153844 0.25721153846153844 0.328125 0.39302884615384615
2 0.1971153846153846 0.6646634615384616 0.20552884615384615 0.40024038461538464
2 0.36658653846153844 0.7223557692307693 0.11538461538461539 0.2764423076923077
2 0.5865384615384616 0.46274038461538464 0.5625 0.8028846153846154
0 0.8305288461538461 0.41466346153846156 0.06971153846153846 0.1045673076923077
0 0.8762019230769231 0.38461538461538464 0.13942307692307693 0.09495192307692307
0 0.6069711538461539 0.5793269230769231 0.07692307692307693 0.09254807692307693
0 0.3485576923076923 0.41586538461538464 0.06129807692307692 0.1045673076923077
0 0.2776442307692308 0.5144230769230769 0.06490384615384616 0.08173076923076923
0 0.453125 0.6983173076923077 0.07211538461538461 0.09014423076923077