1 0.07451923076923077 0.27283653846153844 0.036057692307692304 0.1875
1 0.07572115384615384 0.47115384615384615 0.036057692307692304 0.078125
1 0.07211538461538461 0.6658653846153846 0.03245192307692308 0.19230769230769232
1 0.9387019230769231 0.24519230769230768 0.037259615384615384 0.3269230769230769
1 0.9375 0.5516826923076923 0.03365384615384615 0.1778846153846154
2 0.25721153846153844 0.19831730769230768 0.33774038461538464 0.33413461538461536
2 0.16706730769230768 0.47115384615384615 0.15384615384615385 0.17668269230769232
2 0.3317307692307692 0.46875 0.15985576923076922 0.17668269230769232
2 0.25 0.703125 0.32211538461538464 0.2800480769230769
2 0.6706730769230769 0.359375 0.4963942307692308 0.6502403846153846
0 0.44471153846153844 0.5084134615384616 0.06850961538461539 0.08413461538461539
0 0.40024038461538464 0.3088942307692308 0.07932692307692307 0.09495192307692307
0 0.18389423076923078 0.3449519230769231 0.054086538461538464 0.0829326923076923
0 0.18509615384615385 0.5949519230769231 0.04927884615384615 0.0829326923076923
0 0.38221153846153844 0.6382211538461539 0.08413461538461539 0.10576923076923077
0 0.47716346153846156 0.7043269230769231 0.07572115384615384 0.23197115384615385