1 0.31009615384615385 0.23197115384615385 0.24519230769230768 0.02403846153846154
1 0.7091346153846154 0.23317307692307693 0.14302884615384615 0.016826923076923076
1 0.7944711538461539 0.8557692307692307 0.1466346153846154 0.020432692307692308
1 0.28725961538461536 0.8545673076923077 0.14423076923076922 0.020432692307692308
2 0.5060096153846154 0.5432692307692307 0.7860576923076923 0.6009615384615384
2 0.2848557692307692 0.7235576923076923 0.31971153846153844 0.24759615384615385
2 0.20192307692307693 0.5324519230769231 0.14302884615384615 0.1045673076923077
2 0.38100961538461536 0.5540865384615384 0.17067307692307693 0.1658653846153846
2 0.7620192307692307 0.7475961538461539 0.25841346153846156 0.19591346153846154
2 0.703125 0.6057692307692307 0.13822115384615385 0.08052884615384616
2 0.8413461538461539 0.6057692307692307 0.11298076923076923 0.0829326923076923
2 0.7632211538461539 0.5012019230769231 0.26802884615384615 0.10697115384615384
2 0.5108173076923077 0.12259615384615384 0.8004807692307693 0.19951923076923078
0 0.5132211538461539 0.20192307692307693 0.125 0.08173076923076923
0 0.5889423076923077 0.5180288461538461 0.10096153846153846 0.055288461538461536
0 0.5096153846153846 0.5600961538461539 0.1045673076923077 0.05048076923076923
0 0.5901442307692307 0.5973557692307693 0.10336538461538461 0.055288461538461536
0 0.3233173076923077 0.5625 0.10817307692307693 0.05889423076923077
0 0.41346153846153844 0.6754807692307693 0.10216346153846154 0.0625
0 0.8245192307692307 0.6730769230769231 0.078125 0.055288461538461536
0 0.671875 0.6923076923076923 0.10096153846153846 0.056490384615384616
0 0.5709134615384616 0.8798076923076923 0.09134615384615384 0.07692307692307693
2 0.5973557692307693 0.9086538461538461 0.2932692307692308 0.0889423076923077