1 0.8305288461538461 0.27403846153846156 0.015625 0.203125
1 0.8293269230769231 0.6814903846153846 0.019230769230769232 0.17067307692307693
1 0.07211538461538461 0.265625 0.021634615384615384 0.16346153846153846
2 0.19110576923076922 0.30528846153846156 0.2283653846153846 0.37259615384615385
2 0.38341346153846156 0.22716346153846154 0.13701923076923078 0.22716346153846154
2 0.9050480769230769 0.29927884615384615 0.13581730769230768 0.39302884615384615
2 0.6442307692307693 0.6622596153846154 0.35697115384615385 0.31009615384615385
2 0.5685096153846154 0.30408653846153844 0.5048076923076923 0.38341346153846156
0 0.2848557692307692 0.3954326923076923 0.06490384615384616 0.0829326923076923
0 0.3954326923076923 0.38221153846153844 0.05889423076923077 0.0889423076923077
0 0.4170673076923077 0.4639423076923077 0.052884615384615384 0.09975961538461539
0 0.8569711538461539 0.421875 0.07692307692307693 0.08413461538461539
0 0.5456730769230769 0.5408653846153846 0.057692307692307696 0.09735576923076923