1 0.9338942307692307 0.40865384615384615 0.021634615384615384 0.21394230769230768
1 0.9326923076923077 0.7920673076923077 0.021634615384615384 0.1778846153846154
1 0.19110576923076922 0.8016826923076923 0.020432692307692308 0.11177884615384616
1 0.19230769230769232 0.29927884615384615 0.02283653846153846 0.2608173076923077
2 0.14182692307692307 0.3701923076923077 0.08173076923076923 0.4891826923076923
2 0.3401442307692308 0.3762019230769231 0.2800480769230769 0.4891826923076923
2 0.7439903846153846 0.7800480769230769 0.3629807692307692 0.28365384615384615
2 0.6394230769230769 0.5336538461538461 0.5661057692307693 0.7956730769230769
2 0.27163461538461536 0.7800480769230769 0.14783653846153846 0.29086538461538464
2 0.21153846153846154 0.49038461538461536 0.06009615384615385 0.07211538461538461
2 0.4651442307692308 0.4807692307692308 0.056490384615384616 0.08413461538461539
2 0.375 0.765625 0.052884615384615384 0.07211538461538461