1 0.2800480769230769 0.25841346153846156 0.13701923076923078 0.019230769230769232
1 0.6201923076923077 0.25721153846153844 0.0889423076923077 0.015625
1 0.7956730769230769 0.2548076923076923 0.0733173076923077 0.021634615384615384
1 0.44471153846153844 0.8365384615384616 0.02403846153846154 0.015625
1 0.3112980769230769 0.8353365384615384 0.12259615384615384 0.02283653846153846
2 0.3485576923076923 0.17908653846153846 0.3545673076923077 0.13942307692307693
2 0.6009615384615384 0.38461538461538464 0.27283653846153844 0.23317307692307693
2 0.8028846153846154 0.32572115384615385 0.12139423076923077 0.1201923076923077
2 0.7788461538461539 0.4855769230769231 0.1778846153846154 0.1875
2 0.5048076923076923 0.7596153846153846 0.16346153846153846 0.13341346153846154
2 0.43028846153846156 0.5492788461538461 0.5180288461538461 0.5637019230769231
0 0.4014423076923077 0.23197115384615385 0.06370192307692307 0.06850961538461539
0 0.8353365384615384 0.41346153846153844 0.057692307692307696 0.054086538461538464
0 0.6490384615384616 0.4855769230769231 0.056490384615384616 0.056490384615384616
0 0.6598557692307693 0.546875 0.0625 0.05048076923076923
0 0.46033653846153844 0.7115384615384616 0.05889423076923077 0.05889423076923077
0 0.5024038461538461 0.8629807692307693 0.06850961538461539 0.07451923076923077