2 0.7211538461538461 0.21153846153846154 0.4050480769230769 0.2800480769230769
1 0.9290865384615384 0.21153846153846154 0.02403846153846154 0.14302884615384615
1 0.9314903846153846 0.49759615384615385 0.018028846153846152 0.13701923076923078
1 0.9338942307692307 0.7632211538461539 0.026442307692307692 0.140625
1 0.1971153846153846 0.5 0.027644230769230768 0.2403846153846154
2 0.12259615384615384 0.5408653846153846 0.13822115384615385 0.37259615384615385
2 0.5673076923076923 0.6213942307692307 0.7271634615384616 0.5216346153846154
2 0.8461538461538461 0.7644230769230769 0.16826923076923078 0.2403846153846154
2 0.6935096153846154 0.6935096153846154 0.11658653846153846 0.0889423076923077
0 0.6598557692307693 0.3233173076923077 0.057692307692307696 0.0733173076923077
0 0.19591346153846154 0.6538461538461539 0.12980769230769232 0.0733173076923077
0 0.5516826923076923 0.8954326923076923 0.05889423076923077 0.15865384615384615
0 0.6935096153846154 0.7668269230769231 0.04567307692307692 0.06490384615384616
0 0.7764423076923077 0.7884615384615384 0.05048076923076923 0.054086538461538464