1 0.4230769230769231 0.2283653846153846 0.09975961538461539 0.037259615384615384
1 0.6129807692307693 0.22596153846153846 0.06009615384615385 0.03245192307692308
1 0.2980769230769231 0.28725961538461536 0.015625 0.06850961538461539
2 0.59375 0.125 0.18870192307692307 0.17668269230769232
2 0.6442307692307693 0.5420673076923077 0.0985576923076923 0.203125
2 0.6442307692307693 0.7079326923076923 0.10096153846153846 0.11057692307692307
2 0.4987980769230769 0.5072115384615384 0.38341346153846156 0.5300480769230769
0 0.5408653846153846 0.18990384615384615 0.057692307692307696 0.09615384615384616
0 0.5649038461538461 0.6129807692307693 0.06129807692307692 0.0829326923076923
0 0.6165865384615384 0.625 0.04807692307692308 0.07091346153846154
0 0.546875 0.7836538461538461 0.0625 0.1814903846153846