2 0.4206730769230769 0.7319711538461539 0.09375 0.07091346153846154
2 0.421875 0.84375 0.10697115384615384 0.1310096153846154
2 0.5144230769230769 0.8425480769230769 0.08653846153846154 0.1310096153846154
2 0.7283653846153846 0.2764423076923077 0.296875 0.0889423076923077
2 0.8016826923076923 0.44711538461538464 0.1346153846153846 0.21995192307692307
2 0.8052884615384616 0.6646634615384616 0.13701923076923078 0.19591346153846154
1 0.6802884615384616 0.7692307692307693 0.08533653846153846 0.015625
1 0.7764423076923077 0.7692307692307693 0.08774038461538461 0.015625
1 0.7800480769230769 0.3317307692307692 0.0829326923076923 0.016826923076923076
1 0.6298076923076923 0.328125 0.09735576923076923 0.015625
1 0.45552884615384615 0.25 0.12259615384615384 0.015625
2 0.43509615384615385 0.48677884615384615 0.125 0.04447115384615385
2 0.4182692307692308 0.5420673076923077 0.0889423076923077 0.05048076923076923
2 0.4206730769230769 0.6346153846153846 0.09014423076923077 0.10576923076923077
2 0.5264423076923077 0.7487980769230769 0.09975961538461539 0.046875
2 0.6622596153846154 0.6887019230769231 0.14783653846153846 0.15264423076923078
2 0.5276442307692307 0.6826923076923077 0.1201923076923077 0.05889423076923077
2 0.5504807692307693 0.45072115384615385 0.35336538461538464 0.3918269230769231
2 0.6225961538461539 0.15865384615384615 0.5072115384615384 0.17908653846153846
0 0.7487980769230769 0.5396634615384616 0.04567307692307692 0.03245192307692308
0 0.7475961538461539 0.5877403846153846 0.04567307692307692 0.027644230769230768
0 0.49038461538461536 0.8305288461538461 0.040865384615384616 0.03245192307692308
0 0.5300480769230769 0.734375 0.04326923076923077 0.04447115384615385
0 0.53125 0.6730769230769231 0.039663461538461536 0.040865384615384616
0 0.44471153846153844 0.6790865384615384 0.02403846153846154 0.028846153846153848
0 0.48197115384615385 0.6286057692307693 0.039663461538461536 0.03125
0 0.47716346153846156 0.5360576923076923 0.028846153846153848 0.025240384615384616
0 0.6634615384615384 0.5961538461538461 0.03485576923076923 0.03365384615384615
0 0.6310096153846154 0.5348557692307693 0.04326923076923077 0.040865384615384616
0 0.5144230769230769 0.49759615384615385 0.03125 0.025240384615384616
0 0.5913461538461539 0.2980769230769231 0.046875 0.03365384615384615