1 0.16826923076923078 0.8810096153846154 0.07091346153846154 0.02283653846153846
1 0.4879807692307692 0.875 0.109375 0.026442307692307692
1 0.44591346153846156 0.11298076923076923 0.08774038461538461 0.03365384615384615
1 0.8185096153846154 0.11177884615384616 0.08173076923076923 0.026442307692307692
1 0.8112980769230769 0.8810096153846154 0.11177884615384616 0.02403846153846154
2 0.18269230769230768 0.4963942307692308 0.25841346153846156 0.7439903846153846
2 0.5012019230769231 0.4963942307692308 0.2668269230769231 0.7307692307692307
2 0.5925480769230769 0.19951923076923078 0.08533653846153846 0.13581730769230768
2 0.7271634615384616 0.2403846153846154 0.0889423076923077 0.23317307692307693
2 0.8629807692307693 0.2848557692307692 0.171875 0.32091346153846156
2 0.8197115384615384 0.4495192307692308 0.26322115384615385 0.1658653846153846
2 0.8173076923076923 0.7043269230769231 0.26322115384615385 0.32211538461538464
0 0.5877403846153846 0.0829326923076923 0.046875 0.10576923076923077
0 0.5877403846153846 0.23677884615384615 0.05048076923076923 0.07932692307692307
0 0.25600961538461536 0.24519230769230768 0.03485576923076923 0.04567307692307692
0 0.25721153846153844 0.3870192307692308 0.04447115384615385 0.054086538461538464
0 0.5817307692307693 0.8762019230769231 0.06850961538461539 0.15384615384615385
0 0.7151442307692307 0.5697115384615384 0.042067307692307696 0.08052884615384616
0 0.7463942307692307 0.39783653846153844 0.040865384615384616 0.07932692307692307
0 0.7944711538461539 0.41225961538461536 0.04567307692307692 0.06610576923076923