1 0.8197115384615384 0.8810096153846154 0.051682692307692304 0.025240384615384616
1 0.7163461538461539 0.8810096153846154 0.0889423076923077 0.026442307692307692
1 0.5697115384615384 0.8798076923076923 0.1045673076923077 0.028846153846153848
1 0.2932692307692308 0.875 0.11177884615384616 0.02403846153846154
1 0.11177884615384616 0.8786057692307693 0.06370192307692307 0.027644230769230768
1 0.056490384615384616 0.6069711538461539 0.016826923076923076 0.03125
1 0.1310096153846154 0.2800480769230769 0.09134615384615384 0.021634615384615384
1 0.7451923076923077 0.28966346153846156 0.08413461538461539 0.025240384615384616
1 0.5649038461538461 0.2848557692307692 0.08413461538461539 0.025240384615384616
2 0.8028846153846154 0.17908653846153846 0.12740384615384615 0.1971153846153846
2 0.5757211538461539 0.43509615384615385 0.15865384615384615 0.27283653846153844
1 0.4891826923076923 0.4519230769230769 0.019230769230769232 0.1045673076923077
1 0.48677884615384615 0.6141826923076923 0.019230769230769232 0.025240384615384616
2 0.5745192307692307 0.7211538461538461 0.15504807692307693 0.28966346153846156
2 0.7127403846153846 0.7271634615384616 0.10576923076923077 0.2956730769230769
2 0.8197115384615384 0.8076923076923077 0.09975961538461539 0.13221153846153846
2 0.8185096153846154 0.6502403846153846 0.09615384615384616 0.15985576923076922
2 0.7319711538461539 0.43028846153846156 0.26322115384615385 0.27283653846153844
2 0.37259615384615385 0.16706730769230768 0.12860576923076922 0.20793269230769232
2 0.3786057692307692 0.35336538461538464 0.11177884615384616 0.12379807692307693
2 0.3786057692307692 0.4951923076923077 0.1141826923076923 0.13942307692307693
2 0.39663461538461536 0.7956730769230769 0.0829326923076923 0.13942307692307693
2 0.25240384615384615 0.5805288461538461 0.37259615384615385 0.5721153846153846
0 0.28365384615384615 0.15264423076923078 0.056490384615384616 0.0829326923076923
0 0.20673076923076922 0.24158653846153846 0.04927884615384615 0.1141826923076923
0 0.38341346153846156 0.4567307692307692 0.042067307692307696 0.08052884615384616
0 0.38341346153846156 0.6033653846153846 0.042067307692307696 0.08533653846153846
0 0.38100961538461536 0.7680288461538461 0.04567307692307692 0.09975961538461539
0 0.38221153846153844 0.9146634615384616 0.04447115384615385 0.10216346153846154
0 0.5805288461538461 0.5228365384615384 0.04927884615384615 0.078125
0 0.6334134615384616 0.6081730769230769 0.04326923076923077 0.08052884615384616
0 0.7451923076923077 0.6117788461538461 0.04447115384615385 0.09254807692307693
0 0.8185096153846154 0.5396634615384616 0.04447115384615385 0.0889423076923077
0 0.8185096153846154 0.25240384615384615 0.039663461538461536 0.09975961538461539
0 0.8052884615384616 0.6995192307692307 0.037259615384615384 0.07572115384615384