2 0.6502403846153846 0.49038461538461536 0.5036057692307693 0.2692307692307692
0 0.44711538461538464 0.6730769230769231 0.09735576923076923 0.08173076923076923
0 0.6165865384615384 0.6334134615384616 0.08774038461538461 0.1201923076923077
2 0.3076923076923077 0.8701923076923077 0.15865384615384615 0.21514423076923078
1 0.17668269230769232 0.026442307692307692 0.06370192307692307 0.020432692307692308
1 0.39663461538461536 0.025240384615384616 0.13942307692307693 0.019230769230769232
1 0.6790865384615384 0.028846153846153848 0.13701923076923078 0.015625
1 0.15625 0.6346153846153846 0.13942307692307693 0.020432692307692308
1 0.7536057692307693 0.6382211538461539 0.16346153846153846 0.018028846153846152
2 0.6177884615384616 0.19110576923076922 0.578125 0.31490384615384615
2 0.40865384615384615 0.13942307692307693 0.3076923076923077 0.2091346153846154
2 0.21153846153846154 0.18870192307692307 0.22716346153846154 0.31490384615384615
2 0.23557692307692307 0.48677884615384615 0.3004807692307692 0.27163461538461536
0 0.35216346153846156 0.4266826923076923 0.0889423076923077 0.056490384615384616
0 0.4675480769230769 0.27884615384615385 0.0829326923076923 0.06370192307692307
0 0.5673076923076923 0.2848557692307692 0.09254807692307693 0.056490384615384616
0 0.36778846153846156 0.2800480769230769 0.078125 0.04447115384615385
0 0.2091346153846154 0.18389423076923078 0.07091346153846154 0.046875
0 0.4362980769230769 0.5480769230769231 0.08533653846153846 0.06009615384615385
0 0.4326923076923077 0.8004807692307693 0.09254807692307693 0.052884615384615384