2 0.6814903846153846 0.23076923076923078 0.30649038461538464 0.375
2 0.32091346153846156 0.47596153846153844 0.3954326923076923 0.8569711538461539
2 0.25721153846153844 0.546875 0.26322115384615385 0.24158653846153846
2 0.25721153846153844 0.7896634615384616 0.25841346153846156 0.2283653846153846
2 0.90625 0.10817307692307693 0.09735576923076923 0.13822115384615385
1 0.8485576923076923 0.2704326923076923 0.02403846153846154 0.14182692307692307
1 0.11057692307692307 0.18509615384615385 0.028846153846153848 0.10096153846153846
1 0.109375 0.5625 0.025240384615384616 0.10697115384615384
1 0.109375 0.8076923076923077 0.030048076923076924 0.10216346153846154
0 0.47596153846153844 0.9459134615384616 0.07932692307692307 0.0829326923076923
0 0.43028846153846156 0.8245192307692307 0.08413461538461539 0.06129807692307692
0 0.43149038461538464 0.5841346153846154 0.09134615384615384 0.0673076923076923
0 0.4699519230769231 0.23076923076923078 0.07091346153846154 0.07692307692307693
0 0.5612980769230769 0.3088942307692308 0.10336538461538461 0.12740384615384615
0 0.8810096153846154 0.1141826923076923 0.0985576923076923 0.06370192307692307