1 0.06610576923076923 0.09375 0.038461538461538464 0.021634615384615384
1 0.11538461538461539 0.09254807692307693 0.039663461538461536 0.02403846153846154
1 0.1658653846153846 0.09375 0.03485576923076923 0.020432692307692308
1 0.21033653846153846 0.09495192307692307 0.03485576923076923 0.026442307692307692
1 0.037259615384615384 0.4483173076923077 0.010817307692307692 0.07572115384615384
1 0.23557692307692307 0.39783653846153844 0.010817307692307692 0.08653846153846154
1 0.28125 0.453125 0.04927884615384615 0.03125
1 0.4807692307692308 0.5336538461538461 0.008413461538461538 0.14302884615384615
1 0.33052884615384615 0.453125 0.019230769230769232 0.021634615384615384
1 0.359375 0.453125 0.028846153846153848 0.02283653846153846
1 0.038461538461538464 0.6177884615384616 0.010817307692307692 0.03125
1 0.037259615384615384 0.7415865384615384 0.010817307692307692 0.0985576923076923
1 0.5132211538461539 0.7283653846153846 0.010817307692307692 0.1045673076923077
1 0.7307692307692307 0.7884615384615384 0.008413461538461538 0.02283653846153846
1 0.7463942307692307 0.7872596153846154 0.007211538461538462 0.019230769230769232
1 0.7980769230769231 0.7860576923076923 0.020432692307692308 0.018028846153846152
1 0.8269230769230769 0.7872596153846154 0.02283653846153846 0.02283653846153846
1 0.5132211538461539 0.5540865384615384 0.010817307692307692 0.0829326923076923
1 0.5132211538461539 0.37259615384615385 0.013221153846153846 0.10817307692307693
1 0.5372596153846154 0.09375 0.038461538461538464 0.025240384615384616
1 0.5817307692307693 0.09615384615384616 0.038461538461538464 0.02283653846153846
1 0.6766826923076923 0.09254807692307693 0.078125 0.02403846153846154
1 0.7163461538461539 0.3485576923076923 0.013221153846153846 0.0829326923076923
1 0.7536057692307693 0.46033653846153844 0.04807692307692308 0.02403846153846154
1 0.8149038461538461 0.45913461538461536 0.04326923076923077 0.019230769230769232
2 0.7848557692307693 0.3762019230769231 0.12860576923076922 0.14903846153846154
0 0.6057692307692307 0.6418269230769231 0.028846153846153848 0.05048076923076923
0 0.640625 0.6370192307692307 0.02403846153846154 0.055288461538461536
0 0.703125 0.5817307692307693 0.025240384615384616 0.052884615384615384
0 0.6165865384615384 0.07211538461538461 0.02403846153846154 0.06129807692307692
0 0.8209134615384616 0.6418269230769231 0.03125 0.05048076923076923
0 0.796875 0.7067307692307693 0.021634615384615384 0.05048076923076923
0 0.6694711538461539 0.8125 0.028846153846153848 0.06009615384615385
0 0.33774038461538464 0.6466346153846154 0.025240384615384616 0.052884615384615384
0 0.27524038461538464 0.6418269230769231 0.02403846153846154 0.054086538461538464
0 0.20072115384615385 0.43028846153846156 0.026442307692307692 0.057692307692307696
0 0.24879807692307693 0.3245192307692308 0.030048076923076924 0.040865384615384616
0 0.1141826923076923 0.38461538461538464 0.025240384615384616 0.055288461538461536
2 0.13581730769230768 0.2548076923076923 0.19110576923076922 0.2956730769230769
2 0.3485576923076923 0.7319711538461539 0.06850961538461539 0.09615384615384616
2 0.34615384615384615 0.5384615384615384 0.06971153846153846 0.15625
2 0.27163461538461536 0.5396634615384616 0.07451923076923077 0.15384615384615385
2 0.06971153846153846 0.53125 0.05889423076923077 0.2403846153846154
2 0.2127403846153846 0.6322115384615384 0.33774038461538464 0.43990384615384615
2 0.25240384615384615 0.7019230769230769 0.03365384615384615 0.042067307692307696
2 0.4326923076923077 0.5685096153846154 0.0889423076923077 0.3401442307692308
2 0.9134615384615384 0.609375 0.11538461538461539 0.4735576923076923
2 0.8004807692307693 0.7512019230769231 0.028846153846153848 0.04447115384615385
2 0.7860576923076923 0.6201923076923077 0.13942307692307693 0.3076923076923077
2 0.6141826923076923 0.4387019230769231 0.19471153846153846 0.6730769230769231
2 0.5649038461538461 0.5492788461538461 0.09615384615384616 0.16346153846153846
2 0.5576923076923077 0.7367788461538461 0.08653846153846154 0.20072115384615385
2 0.6538461538461539 0.8209134615384616 0.09014423076923077 0.0625