2 0.75 0.7439903846153846 0.39663461538461536 0.3112980769230769
2 0.7367788461538461 0.4519230769230769 0.38341346153846156 0.2608173076923077
2 0.7872596153846154 0.17548076923076922 0.29086538461538464 0.28125
2 0.5492788461538461 0.17067307692307693 0.17427884615384615 0.28846153846153844
2 0.3701923076923077 0.12139423076923077 0.18870192307692307 0.18269230769230768
2 0.19591346153846154 0.6262019230769231 0.3233173076923077 0.2980769230769231
2 0.2247596153846154 0.8521634615384616 0.2920673076923077 0.14182692307692307
2 0.41225961538461536 0.5600961538461539 0.25721153846153844 0.7091346153846154
1 0.28966346153846156 0.2091346153846154 0.040865384615384616 0.042067307692307696
1 0.31850961538461536 0.2860576923076923 0.04447115384615385 0.03485576923076923
1 0.3088942307692308 0.3545673076923077 0.04447115384615385 0.04567307692307692
1 0.9411057692307693 0.18269230769230768 0.03365384615384615 0.13341346153846154
1 0.9435096153846154 0.4387019230769231 0.046875 0.13822115384615385
1 0.9591346153846154 0.6658653846153846 0.07451923076923077 0.06850961538461539
1 0.9747596153846154 0.7439903846153846 0.05048076923076923 0.09375
1 0.9555288461538461 0.8137019230769231 0.06129807692307692 0.0625
1 0.055288461538461536 0.6694711538461539 0.040865384615384616 0.09254807692307693
1 0.05889423076923077 0.8305288461538461 0.039663461538461536 0.05048076923076923
0 0.09615384615384616 0.53125 0.14182692307692307 0.13581730769230768
0 0.1201923076923077 0.7379807692307693 0.07211538461538461 0.05048076923076923
0 0.09735576923076923 0.8942307692307693 0.04447115384615385 0.046875
0 0.25721153846153844 0.5168269230769231 0.04807692307692308 0.04326923076923077
0 0.33653846153846156 0.47596153846153844 0.06370192307692307 0.09735576923076923
0 0.7992788461538461 0.2980769230769231 0.09254807692307693 0.07211538461538461
0 0.6971153846153846 0.5673076923076923 0.0985576923076923 0.056490384615384616
0 0.5649038461538461 0.7439903846153846 0.07572115384615384 0.09134615384615384
0 0.4014423076923077 0.8209134615384616 0.08653846153846154 0.0673076923076923
0 0.4230769230769231 0.9242788461538461 0.06129807692307692 0.1502403846153846
0 0.4338942307692308 0.2403846153846154 0.04807692307692308 0.05048076923076923
0 0.41586538461538464 0.2824519230769231 0.06370192307692307 0.05048076923076923