1 0.9302884615384616 0.3798076923076923 0.020432692307692308 0.15384615384615385
1 0.9290865384615384 0.6274038461538461 0.019230769230769232 0.14302884615384615
1 0.22956730769230768 0.6346153846153846 0.016826923076923076 0.16466346153846154
2 0.16947115384615385 0.32091346153846156 0.10697115384615384 0.32211538461538464
1 0.23197115384615385 0.30649038461538464 0.019230769230769232 0.17307692307692307
2 0.4014423076923077 0.4723557692307692 0.3245192307692308 0.6346153846153846
2 0.5709134615384616 0.5805288461538461 0.2439903846153846 0.43149038461538464
2 0.7956730769230769 0.6466346153846154 0.2536057692307692 0.29086538461538464
2 0.7932692307692307 0.3293269230769231 0.2536057692307692 0.3389423076923077
2 0.6165865384615384 0.2620192307692308 0.0985576923076923 0.21153846153846154
2 0.5072115384615384 0.6838942307692307 0.11057692307692307 0.203125
0 0.5108173076923077 0.5576923076923077 0.04567307692307692 0.06610576923076923
0 0.2247596153846154 0.4338942307692308 0.08653846153846154 0.06610576923076923
0 0.6237980769230769 0.39783653846153844 0.04447115384615385 0.07211538461538461
0 0.546875 0.4338942307692308 0.052884615384615384 0.0889423076923077
0 0.6850961538461539 0.42788461538461536 0.04567307692307692 0.06129807692307692
0 0.6838942307692307 0.5757211538461539 0.054086538461538464 0.06370192307692307
0 0.6165865384615384 0.8088942307692307 0.046875 0.109375
0 0.43028846153846156 0.5444711538461539 0.051682692307692304 0.057692307692307696