2 0.3233173076923077 0.1310096153846154 0.4639423076923077 0.16706730769230768
1 0.29086538461538464 0.22596153846153846 0.2692307692307692 0.030048076923076924
1 0.7091346153846154 0.22716346153846154 0.1971153846153846 0.03125
1 0.2608173076923077 0.8774038461538461 0.19230769230769232 0.027644230769230768
2 0.32091346153846156 0.5516826923076923 0.46875 0.6262019230769231
2 0.734375 0.765625 0.3173076923076923 0.17668269230769232
2 0.7644230769230769 0.5997596153846154 0.23677884615384615 0.125
2 0.7283653846153846 0.38341346153846156 0.3329326923076923 0.2824519230769231
0 0.49278846153846156 0.22716346153846154 0.1310096153846154 0.15625
0 0.6177884615384616 0.4338942307692308 0.13942307692307693 0.0673076923076923
0 0.7043269230769231 0.6959134615384616 0.08533653846153846 0.0673076923076923
0 0.5108173076923077 0.7103365384615384 0.1310096153846154 0.08173076923076923
0 0.4855769230769231 0.8040865384615384 0.1346153846153846 0.09014423076923077
0 0.47596153846153844 0.9194711538461539 0.14423076923076922 0.11177884615384616
1 0.6826923076923077 0.8725961538461539 0.04807692307692308 0.030048076923076924