1 0.22956730769230768 0.12860576923076922 0.16706730769230768 0.03365384615384615
1 0.9507211538461539 0.7007211538461539 0.028846153846153848 0.24879807692307693
1 0.10576923076923077 0.6646634615384616 0.019230769230769232 0.06009615384615385
2 0.17668269230769232 0.7115384615384616 0.1201923076923077 0.25961538461538464
2 0.3173076923076923 0.7740384615384616 0.14783653846153846 0.12740384615384615
2 0.8942307692307693 0.33774038461538464 0.11658653846153846 0.390625
2 0.5276442307692307 0.49399038461538464 0.8233173076923077 0.6959134615384616
0 0.8341346153846154 0.49038461538461536 0.14302884615384615 0.1045673076923077
0 0.2644230769230769 0.6478365384615384 0.05889423076923077 0.06850961538461539
0 0.33052884615384615 0.6706730769230769 0.05048076923076923 0.0829326923076923
0 0.44591346153846156 0.8473557692307693 0.07451923076923077 0.23677884615384615