1 0.359375 0.03485576923076923 0.125 0.0625
1 0.4987980769230769 0.03485576923076923 0.06850961538461539 0.06370192307692307
1 0.7055288461538461 0.03365384615384615 0.11778846153846154 0.06370192307692307
1 0.15384615384615385 0.7848557692307693 0.20552884615384615 0.03245192307692308
2 0.17908653846153846 0.890625 0.33774038461538464 0.18629807692307693
2 0.515625 0.2127403846153846 0.14182692307692307 0.30649038461538464
2 0.47716346153846156 0.41225961538461536 0.8737980769230769 0.7067307692307693
2 0.5420673076923077 0.47596153846153844 0.19230769230769232 0.1658653846153846
2 0.7548076923076923 0.3076923076923077 0.32091346153846156 0.5096153846153846
0 0.5552884615384616 0.6069711538461539 0.054086538461538464 0.08653846153846154
0 0.2980769230769231 0.8293269230769231 0.06850961538461539 0.14182692307692307
0 0.6947115384615384 0.6129807692307693 0.0673076923076923 0.11778846153846154
0 0.8329326923076923 0.7884615384615384 0.06971153846153846 0.234375