2 0.8064903846153846 0.2980769230769231 0.3401442307692308 0.41225961538461536
2 0.5769230769230769 0.20673076923076922 0.0985576923076923 0.2247596153846154
2 0.5444711538461539 0.44711538461538464 0.8545673076923077 0.6983173076923077
2 0.055288461538461536 0.22956730769230768 0.08052884615384616 0.3389423076923077
0 0.11658653846153846 0.17668269230769232 0.10817307692307693 0.109375
0 0.5997596153846154 0.38221153846153844 0.051682692307692304 0.14182692307692307
0 0.6622596153846154 0.40625 0.0625 0.11658653846153846
0 0.5540865384615384 0.6189903846153846 0.040865384615384616 0.07692307692307693
0 0.6454326923076923 0.8713942307692307 0.052884615384615384 0.15865384615384615
1 0.9807692307692307 0.25961538461538464 0.020432692307692308 0.21634615384615385
1 0.984375 0.640625 0.026442307692307692 0.15985576923076922
1 0.10697115384615384 0.3798076923076923 0.026442307692307692 0.265625