2 0.84375 0.7836538461538461 0.18028846153846154 0.24639423076923078
2 0.8413461538461539 0.20552884615384615 0.1778846153846154 0.29447115384615385
2 0.7283653846153846 0.3942307692307692 0.4074519230769231 0.6646634615384616
2 0.6887019230769231 0.5228365384615384 0.12139423076923077 0.10697115384615384
2 0.671875 0.6189903846153846 0.10336538461538461 0.055288461538461536
2 0.3293269230769231 0.359375 0.3762019230769231 0.18509615384615385
2 0.46274038461538464 0.15144230769230768 0.08173076923076923 0.203125
1 0.9411057692307693 0.7920673076923077 0.020432692307692308 0.12860576923076922
1 0.9399038461538461 0.5733173076923077 0.016826923076923076 0.07091346153846154
1 0.9387019230769231 0.453125 0.016826923076923076 0.08774038461538461
1 0.8100961538461539 0.05048076923076923 0.11658653846153846 0.02283653846153846
1 0.5600961538461539 0.054086538461538464 0.04927884615384615 0.016826923076923076
1 0.1310096153846154 0.3641826923076923 0.015625 0.10096153846153846
1 0.5108173076923077 0.12860576923076922 0.019230769230769232 0.1466346153846154
0 0.5396634615384616 0.42908653846153844 0.055288461538461536 0.052884615384615384
0 0.5132211538461539 0.2247596153846154 0.09975961538461539 0.0625
0 0.7824519230769231 0.6322115384615384 0.04447115384615385 0.051682692307692304
0 0.7728365384615384 0.5216346153846154 0.04567307692307692 0.04447115384615385
0 0.78125 0.33533653846153844 0.04807692307692308 0.06009615384615385
0 0.5504807692307693 0.7391826923076923 0.04447115384615385 0.12259615384615384
0 0.6706730769230769 0.6754807692307693 0.030048076923076924 0.04807692307692308
0 0.7319711538461539 0.7007211538461539 0.05889423076923077 0.057692307692307696
0 0.4543269230769231 0.4206730769230769 0.036057692307692304 0.04567307692307692