1 0.6129807692307693 0.0985576923076923 0.125 0.030048076923076924
1 0.828125 0.09615384615384616 0.1346153846153846 0.021634615384615384
1 0.6370192307692307 0.8305288461538461 0.15745192307692307 0.02403846153846154
1 0.8774038461538461 0.8317307692307693 0.1141826923076923 0.026442307692307692
1 0.14182692307692307 0.828125 0.12620192307692307 0.019230769230769232
2 0.11778846153846154 0.44350961538461536 0.10576923076923077 0.12740384615384615
2 0.26802884615384615 0.4411057692307692 0.18870192307692307 0.1346153846153846
2 0.41586538461538464 0.44591346153846156 0.10576923076923077 0.13701923076923078
2 0.36538461538461536 0.5985576923076923 0.22115384615384615 0.16706730769230768
2 0.2920673076923077 0.7572115384615384 0.07572115384615384 0.13221153846153846
2 0.4014423076923077 0.7524038461538461 0.13942307692307693 0.14783653846153846
2 0.26322115384615385 0.90625 0.4182692307692308 0.13221153846153846
2 0.15144230769230768 0.6646634615384616 0.20192307692307693 0.30288461538461536
2 0.7415865384615384 0.8918269230769231 0.41346153846153844 0.09375
2 0.8834134615384616 0.7524038461538461 0.13822115384615385 0.1346153846153846
2 0.7403846153846154 0.6442307692307693 0.4182692307692308 0.3449519230769231
2 0.8822115384615384 0.5120192307692307 0.13221153846153846 0.0733173076923077
2 0.8449519230769231 0.29086538461538464 0.19591346153846154 0.3605769230769231
2 0.6334134615384616 0.28966346153846156 0.20192307692307693 0.36658653846153844
2 0.6033653846153846 0.421875 0.14302884615384615 0.08774038461538461
0 0.7067307692307693 0.1045673076923077 0.056490384615384616 0.140625
0 0.7079326923076923 0.4387019230769231 0.057692307692307696 0.07211538461538461
0 0.6442307692307693 0.40625 0.06370192307692307 0.051682692307692304
0 0.7752403846153846 0.4411057692307692 0.057692307692307696 0.06971153846153846
0 0.8822115384615384 0.5805288461538461 0.054086538461538464 0.07692307692307693
0 0.39903846153846156 0.5444711538461539 0.056490384615384616 0.07211538461538461
0 0.28725961538461536 0.5444711538461539 0.055288461538461536 0.07091346153846154
0 0.19471153846153846 0.4807692307692308 0.056490384615384616 0.055288461538461536
0 0.21995192307692307 0.6213942307692307 0.06610576923076923 0.0673076923076923
0 0.28725961538461536 0.7175480769230769 0.06490384615384616 0.07091346153846154
0 0.29086538461538464 0.8641826923076923 0.0733173076923077 0.08774038461538461
0 0.7487980769230769 0.828125 0.06610576923076923 0.15144230769230768