2 0.14302884615384615 0.2644230769230769 0.15144230769230768 0.2956730769230769
2 0.42788461538461536 0.2439903846153846 0.38822115384615385 0.3329326923076923
2 0.4170673076923077 0.5757211538461539 0.36538461538461536 0.29927884615384615
2 0.6610576923076923 0.5985576923076923 0.20793269230769232 0.5108173076923077
2 0.8245192307692307 0.7920673076923077 0.12740384615384615 0.140625
2 0.8257211538461539 0.5673076923076923 0.11298076923076923 0.2956730769230769
2 0.75 0.24519230769230768 0.25600961538461536 0.3425480769230769
0 0.5829326923076923 0.35096153846153844 0.08533653846153846 0.1201923076923077
0 0.671875 0.34975961538461536 0.09134615384615384 0.11778846153846154
0 0.5913461538461539 0.5228365384615384 0.08653846153846154 0.078125
0 0.7283653846153846 0.5288461538461539 0.07932692307692307 0.0889423076923077
0 0.6971153846153846 0.8701923076923077 0.07091346153846154 0.19471153846153846
0 0.7427884615384616 0.7584134615384616 0.07451923076923077 0.08653846153846154
0 0.18990384615384615 0.3473557692307692 0.09375 0.10576923076923077
1 0.2283653846153846 0.22355769230769232 0.02403846153846154 0.16706730769230768
1 0.2283653846153846 0.5793269230769231 0.019230769230769232 0.19591346153846154
1 0.7427884615384616 0.0673076923076923 0.13701923076923078 0.02403846153846154