2 0.5072115384615384 0.13221153846153846 0.48197115384615385 0.26322115384615385
2 0.41225961538461536 0.3954326923076923 0.2644230769230769 0.24278846153846154
2 0.6454326923076923 0.390625 0.18629807692307693 0.2403846153846154
2 0.4338942307692308 0.6850961538461539 0.3004807692307692 0.3173076923076923
2 0.3137019230769231 0.7271634615384616 0.054086538461538464 0.08173076923076923
2 0.38341346153846156 0.7271634615384616 0.078125 0.08533653846153846
2 0.3485576923076923 0.8076923076923077 0.1310096153846154 0.051682692307692304
2 0.671875 0.8401442307692307 0.15144230769230768 0.13822115384615385
2 0.6658653846153846 0.7175480769230769 0.15985576923076922 0.07572115384615384
2 0.6454326923076923 0.5973557692307693 0.18870192307692307 0.15504807692307693
0 0.48677884615384615 0.24278846153846154 0.06009615384615385 0.0625
0 0.5757211538461539 0.6310096153846154 0.06971153846153846 0.051682692307692304
0 0.6598557692307693 0.6574519230769231 0.042067307692307696 0.04447115384615385
0 0.3701923076923077 0.6598557692307693 0.054086538461538464 0.04567307692307692
0 0.31009615384615385 0.7067307692307693 0.052884615384615384 0.05048076923076923
0 0.3112980769230769 0.7980769230769231 0.051682692307692304 0.057692307692307696
0 0.5673076923076923 0.8822115384615384 0.05889423076923077 0.04807692307692308
1 0.36778846153846156 0.2704326923076923 0.11538461538461539 0.009615384615384616
1 0.6189903846153846 0.2644230769230769 0.1045673076923077 0.01201923076923077
1 0.34615384615384615 0.8449519230769231 0.13701923076923078 0.014423076923076924
1 0.49759615384615385 0.84375 0.10817307692307693 0.019230769230769232