2 0.2608173076923077 0.2283653846153846 0.4170673076923077 0.390625
0 0.19951923076923078 0.3629807692307692 0.2920673076923077 0.1310096153846154
0 0.2620192307692308 0.6442307692307693 0.41346153846153844 0.41225961538461536
0 0.11899038461538461 0.8112980769230769 0.1201923076923077 0.0733173076923077
0 0.11177884615384616 0.9146634615384616 0.13701923076923078 0.10576923076923077
1 0.16105769230769232 0.43509615384615385 0.1045673076923077 0.015625
1 0.36899038461538464 0.4326923076923077 0.10336538461538461 0.016826923076923076
1 0.6490384615384616 0.43149038461538464 0.09014423076923077 0.019230769230769232
1 0.8689903846153846 0.4362980769230769 0.0829326923076923 0.014423076923076924
1 0.7824519230769231 0.8581730769230769 0.06610576923076923 0.016826923076923076
1 0.6394230769230769 0.8569711538461539 0.04927884615384615 0.008413461538461538
0 0.22956730769230768 0.7944711538461539 0.05889423076923077 0.06009615384615385
0 0.23076923076923078 0.8774038461538461 0.04927884615384615 0.052884615384615384
0 0.20432692307692307 0.9314903846153846 0.06009615384615385 0.03485576923076923
0 0.71875 0.6983173076923077 0.052884615384615384 0.04807692307692308
0 0.7908653846153846 0.6983173076923077 0.06009615384615385 0.055288461538461536
0 0.28966346153846156 0.41586538461538464 0.06009615384615385 0.052884615384615384
0 0.15625 0.7932692307692307 0.057692307692307696 0.04447115384615385
2 0.6418269230769231 0.578125 0.20673076923076922 0.2800480769230769
2 0.8497596153846154 0.5733173076923077 0.19831730769230768 0.2824519230769231
2 0.7451923076923077 0.7848557692307693 0.4098557692307692 0.1310096153846154