2 0.23557692307692307 0.20072115384615385 0.10697115384615384 0.19591346153846154
2 0.47716346153846156 0.20552884615384615 0.36658653846153844 0.1814903846153846
2 0.7956730769230769 0.2920673076923077 0.2512019230769231 0.3629807692307692
2 0.796875 0.6790865384615384 0.2536057692307692 0.3786057692307692
2 0.4266826923076923 0.5889423076923077 0.47115384615384615 0.5612980769230769
2 0.10697115384615384 0.31850961538461536 0.12860576923076922 0.4110576923076923
1 0.171875 0.2668269230769231 0.019230769230769232 0.056490384615384616
1 0.18028846153846154 0.4519230769230769 0.021634615384615384 0.07932692307692307
1 0.18028846153846154 0.6730769230769231 0.02283653846153846 0.18870192307692307
1 0.9362980769230769 0.7055288461538461 0.028846153846153848 0.18990384615384615
1 0.9338942307692307 0.2860576923076923 0.028846153846153848 0.15985576923076922
0 0.3125 0.25721153846153844 0.057692307692307696 0.05889423076923077
0 0.3269230769230769 0.3293269230769231 0.055288461538461536 0.07932692307692307
0 0.1778846153846154 0.37259615384615385 0.15144230769230768 0.09014423076923077
0 0.6141826923076923 0.3389423076923077 0.055288461538461536 0.10096153846153846
0 0.6923076923076923 0.42908653846153844 0.07091346153846154 0.08653846153846154
0 0.6971153846153846 0.6009615384615384 0.07211538461538461 0.08052884615384616
0 0.6117788461538461 0.8834134615384616 0.07451923076923077 0.19230769230769232