2 0.18269230769230768 0.25 0.265625 0.3762019230769231
2 0.8966346153846154 0.24879807692307693 0.13701923076923078 0.37740384615384615
2 0.4963942307692308 0.4675480769230769 0.6298076923076923 0.8185096153846154
2 0.6237980769230769 0.5961538461538461 0.3762019230769231 0.3016826923076923
2 0.1814903846153846 0.25240384615384615 0.27163461538461536 0.375
2 0.14423076923076922 0.4987980769230769 0.15745192307692307 0.10216346153846154
2 0.13822115384615385 0.6442307692307693 0.18028846153846154 0.17548076923076922
1 0.8209134615384616 0.203125 0.02403846153846154 0.19951923076923078
1 0.8245192307692307 0.5829326923076923 0.018028846153846152 0.18629807692307693
1 0.20673076923076922 0.046875 0.15985576923076922 0.026442307692307692
0 0.27884615384615385 0.40865384615384615 0.08413461538461539 0.09495192307692307
0 0.2548076923076923 0.5012019230769231 0.0673076923076923 0.06370192307692307
0 0.25841346153846156 0.6778846153846154 0.0625 0.06129807692307692
0 0.29447115384615385 0.8810096153846154 0.07932692307692307 0.18509615384615385
0 0.4675480769230769 0.4951923076923077 0.08774038461538461 0.07091346153846154
0 0.7920673076923077 0.36899038461538464 0.09495192307692307 0.08413461538461539