2 0.2403846153846154 0.1466346153846154 0.36658653846153844 0.22355769230769232
2 0.3317307692307692 0.4519230769230769 0.5228365384615384 0.33413461538461536
2 0.4014423076923077 0.7764423076923077 0.6634615384615384 0.3016826923076923
2 0.7680288461538461 0.6802884615384616 0.3245192307692308 0.14302884615384615
2 0.8425480769230769 0.8401442307692307 0.17427884615384615 0.1466346153846154
2 0.7788461538461539 0.43990384615384615 0.35216346153846156 0.3112980769230769
0 0.3713942307692308 0.27163461538461536 0.11538461538461539 0.1875
1 0.22115384615384615 0.27283653846153844 0.16826923076923078 0.02283653846153846
1 0.5228365384615384 0.27524038461538464 0.14182692307692307 0.03485576923076923
1 0.6875 0.2764423076923077 0.16466346153846154 0.039663461538461536
0 0.6514423076923077 0.4987980769230769 0.13341346153846154 0.08413461538461539
0 0.5432692307692307 0.7007211538461539 0.12980769230769232 0.08413461538461539
0 0.7992788461538461 0.7367788461538461 0.07572115384615384 0.0625
0 0.49038461538461536 0.8461538461538461 0.078125 0.04807692307692308
0 0.5384615384615384 0.90625 0.11298076923076923 0.1346153846153846