2 0.08413461538461539 0.30288461538461536 0.10336538461538461 0.4050480769230769
2 0.41586538461538464 0.41947115384615385 0.5240384615384616 0.6442307692307693
2 0.35096153846153844 0.7103365384615384 0.39663461538461536 0.36778846153846156
2 0.7175480769230769 0.6538461538461539 0.078125 0.17908653846153846
2 0.8653846153846154 0.6358173076923077 0.19951923076923078 0.2091346153846154
2 0.8221153846153846 0.3016826923076923 0.2764423076923077 0.40625
2 0.6153846153846154 0.17427884615384615 0.1201923076923077 0.14783653846153846
0 0.625 0.2860576923076923 0.054086538461538464 0.08653846153846154
0 0.11538461538461539 0.41225961538461536 0.07572115384615384 0.0829326923076923
0 0.5120192307692307 0.6802884615384616 0.08173076923076923 0.11538461538461539
0 0.6274038461538461 0.7548076923076923 0.07451923076923077 0.265625
0 0.6538461538461539 0.6418269230769231 0.055288461538461536 0.0985576923076923
1 0.9663461538461539 0.5637019230769231 0.016826923076923076 0.052884615384615384
1 0.9675480769230769 0.3641826923076923 0.020432692307692308 0.28365384615384615
1 0.14543269230769232 0.23557692307692307 0.019230769230769232 0.2692307692307692
1 0.14182692307692307 0.7331730769230769 0.018028846153846152 0.23798076923076922