2 0.2692307692307692 0.42427884615384615 0.4206730769230769 0.5841346153846154
2 0.4230769230769231 0.8942307692307693 0.1201923076923077 0.15865384615384615
2 0.421875 0.6442307692307693 0.11057692307692307 0.140625
2 0.42788461538461536 0.5288461538461539 0.11538461538461539 0.08052884615384616
2 0.4254807692307692 0.4206730769230769 0.10817307692307693 0.12379807692307693
2 0.3137019230769231 0.6790865384615384 0.0985576923076923 0.0733173076923077
2 0.7415865384615384 0.07451923076923077 0.15384615384615385 0.10576923076923077
2 0.6478365384615384 0.24639423076923078 0.2127403846153846 0.2247596153846154
2 0.8617788461538461 0.24519230769230768 0.18629807692307693 0.2247596153846154
2 0.8149038461538461 0.42908653846153844 0.2860576923076923 0.12860576923076922
2 0.5997596153846154 0.5 0.12980769230769232 0.19230769230769232
2 0.6033653846153846 0.6574519230769231 0.13341346153846154 0.11298076923076923
2 0.8197115384615384 0.6033653846153846 0.2692307692307692 0.22235576923076922
1 0.39903846153846156 0.12740384615384615 0.13221153846153846 0.025240384615384616
1 0.6081730769230769 0.12740384615384615 0.0829326923076923 0.014423076923076924
1 0.8641826923076923 0.1310096153846154 0.0829326923076923 0.020432692307692308
1 0.796875 0.7199519230769231 0.08774038461538461 0.016826923076923076
1 0.6081730769230769 0.7247596153846154 0.07091346153846154 0.014423076923076924
1 0.5276442307692307 0.5120192307692307 0.018028846153846152 0.038461538461538464
1 0.5264423076923077 0.34375 0.025240384615384616 0.04447115384615385
1 0.05048076923076923 0.38221153846153844 0.019230769230769232 0.12980769230769232
1 0.15384615384615385 0.7211538461538461 0.0829326923076923 0.020432692307692308
0 0.3269230769230769 0.8713942307692307 0.07572115384615384 0.05889423076923077
0 0.3088942307692308 0.7427884615384616 0.07211538461538461 0.06971153846153846
0 0.30408653846153844 0.6177884615384616 0.04807692307692308 0.057692307692307696
0 0.34134615384615385 0.6057692307692307 0.055288461538461536 0.056490384615384616
0 0.34375 0.5408653846153846 0.04807692307692308 0.046875
0 0.3473557692307692 0.39903846153846156 0.05048076923076923 0.04447115384615385
0 0.2403846153846154 0.12980769230769232 0.0625 0.11298076923076923
0 0.7235576923076923 0.13221153846153846 0.0625 0.11177884615384616
0 0.7992788461538461 0.3425480769230769 0.054086538461538464 0.05048076923076923
0 0.7079326923076923 0.38461538461538464 0.056490384615384616 0.057692307692307696
0 0.6959134615384616 0.4651442307692308 0.055288461538461536 0.03485576923076923
0 0.7608173076923077 0.5144230769230769 0.06370192307692307 0.05048076923076923
0 0.6418269230769231 0.5769230769230769 0.042067307692307696 0.038461538461538464