2 0.11538461538461539 0.23076923076923078 0.19230769230769232 0.30288461538461536
2 0.12980769230769232 0.625 0.18990384615384615 0.4014423076923077
2 0.515625 0.4735576923076923 0.5588942307692307 0.7223557692307693
2 0.8894230769230769 0.7079326923076923 0.1658653846153846 0.23317307692307693
2 0.8834134615384616 0.3545673076923077 0.16706730769230768 0.484375
2 0.5709134615384616 0.7139423076923077 0.12379807692307693 0.23076923076923078
2 0.41586538461538464 0.7055288461538461 0.17548076923076922 0.22235576923076922
2 0.2824519230769231 0.7067307692307693 0.08052884615384616 0.21033653846153846
1 0.3425480769230769 0.09134615384615384 0.109375 0.042067307692307696
1 0.4855769230769231 0.09134615384615384 0.11057692307692307 0.04927884615384615
1 0.6550480769230769 0.09014423076923077 0.09014423076923077 0.04927884615384615
1 0.7463942307692307 0.09254807692307693 0.025240384615384616 0.05048076923076923
1 0.8569711538461539 0.0889423076923077 0.09495192307692307 0.040865384615384616
0 0.8954326923076923 0.5348557692307693 0.055288461538461536 0.14543269230769232
0 0.5324519230769231 0.6598557692307693 0.0733173076923077 0.1201923076923077
0 0.5540865384615384 0.8305288461538461 0.06009615384615385 0.2764423076923077
0 0.35096153846153844 0.6622596153846154 0.05889423076923077 0.11538461538461539
0 0.18629807692307693 0.30528846153846156 0.0625 0.11778846153846154
0 0.20552884615384615 0.484375 0.06129807692307692 0.13581730769230768
1 0.11298076923076923 0.39783653846153844 0.09735576923076923 0.055288461538461536
1 0.2247596153846154 0.19110576923076922 0.02283653846153846 0.0673076923076923