2 0.1814903846153846 0.2764423076923077 0.2692307692307692 0.46033653846153844
2 0.5757211538461539 0.2776442307692308 0.4891826923076923 0.45072115384615385
2 0.9050480769230769 0.2860576923076923 0.140625 0.4567307692307692
2 0.6225961538461539 0.6971153846153846 0.39903846153846156 0.3629807692307692
2 0.3245192307692308 0.6959134615384616 0.16826923076923078 0.36778846153846156
2 0.13822115384615385 0.6286057692307693 0.18990384615384615 0.22596153846153846
2 0.13942307692307693 0.8112980769230769 0.18389423076923078 0.13341346153846154
0 0.36658653846153844 0.4735576923076923 0.0733173076923077 0.10336538461538461
0 0.27884615384615385 0.4723557692307692 0.054086538461538464 0.09014423076923077
0 0.7896634615384616 0.40384615384615385 0.07451923076923077 0.09014423076923077
0 0.8641826923076923 0.4050480769230769 0.078125 0.09254807692307693
0 0.44591346153846156 0.5733173076923077 0.07572115384615384 0.0829326923076923
0 0.27283653846153844 0.6274038461538461 0.08052884615384616 0.09495192307692307
0 0.265625 0.7896634615384616 0.07692307692307693 0.0829326923076923
0 0.29086538461538464 0.8978365384615384 0.06971153846153846 0.19831730769230768
1 0.17427884615384615 0.042067307692307696 0.15745192307692307 0.03125
1 0.8269230769230769 0.2512019230769231 0.016826923076923076 0.21754807692307693
1 0.828125 0.6971153846153846 0.030048076923076924 0.22115384615384615