2 0.16947115384615385 0.19471153846153846 0.125 0.25240384615384615
2 0.29927884615384615 0.16466346153846154 0.12379807692307693 0.18389423076923078
2 0.3004807692307692 0.28966346153846156 0.11658653846153846 0.052884615384615384
2 0.21634615384615385 0.3918269230769231 0.2824519230769231 0.12860576923076922
2 0.5336538461538461 0.24879807692307693 0.3293269230769231 0.3473557692307692
2 0.7800480769230769 0.3245192307692308 0.17908653846153846 0.19591346153846154
2 0.8064903846153846 0.14783653846153846 0.12620192307692307 0.14543269230769232
2 0.65625 0.15865384615384615 0.17908653846153846 0.17067307692307693
1 0.2800480769230769 0.07091346153846154 0.07572115384615384 0.018028846153846152
1 0.453125 0.07211538461538461 0.13341346153846154 0.019230769230769232
1 0.6394230769230769 0.06850961538461539 0.09495192307692307 0.020432692307692308
1 0.875 0.17427884615384615 0.018028846153846152 0.09254807692307693
1 0.7800480769230769 0.43149038461538464 0.07091346153846154 0.021634615384615384
1 0.4362980769230769 0.43149038461538464 0.09254807692307693 0.016826923076923076
0 0.6382211538461539 0.45552884615384615 0.057692307692307696 0.06129807692307692
0 0.6298076923076923 0.3605769230769231 0.046875 0.056490384615384616
0 0.5829326923076923 0.34975961538461536 0.030048076923076924 0.03365384615384615
0 0.6286057692307693 0.22596153846153846 0.030048076923076924 0.042067307692307696
0 0.7151442307692307 0.17548076923076922 0.03365384615384615 0.046875
0 0.7596153846153846 0.16947115384615385 0.046875 0.046875
0 0.71875 0.6454326923076923 0.030048076923076924 0.04807692307692308
0 0.34975961538461536 0.234375 0.046875 0.03245192307692308
0 0.1778846153846154 0.3557692307692308 0.10697115384615384 0.07932692307692307
1 0.3004807692307692 0.3245192307692308 0.051682692307692304 0.015625
1 0.1045673076923077 0.15384615384615385 0.014423076923076924 0.06129807692307692
1 0.10576923076923077 0.23557692307692307 0.010817307692307692 0.0625
2 0.6754807692307693 0.6237980769230769 0.12379807692307693 0.1658653846153846
2 0.5709134615384616 0.6262019230769231 0.06850961538461539 0.17307692307692307
2 0.4879807692307692 0.6189903846153846 0.078125 0.15264423076923078
2 0.4074519230769231 0.6177884615384616 0.07692307692307693 0.15504807692307693
2 0.4723557692307692 0.7415865384615384 0.21514423076923078 0.10216346153846154
2 0.6622596153846154 0.7536057692307693 0.15985576923076922 0.0829326923076923
2 0.6021634615384616 0.8509615384615384 0.1875 0.09975961538461539
2 0.4362980769230769 0.8497596153846154 0.13341346153846154 0.09495192307692307
2 0.3016826923076923 0.5889423076923077 0.11177884615384616 0.1045673076923077
2 0.30528846153846156 0.7175480769230769 0.12139423076923077 0.14302884615384615
2 0.17427884615384615 0.6658653846153846 0.1310096153846154 0.2536057692307692
1 0.3004807692307692 0.7980769230769231 0.05048076923076923 0.016826923076923076
1 0.28125 0.5384615384615384 0.05048076923076923 0.019230769230769232
1 0.46274038461538464 0.5408653846153846 0.026442307692307692 0.016826923076923076
1 0.5492788461538461 0.5396634615384616 0.026442307692307692 0.016826923076923076
0 0.2860576923076923 0.6622596153846154 0.036057692307692304 0.04927884615384615
0 0.38100961538461536 0.7584134615384616 0.037259615384615384 0.037259615384615384
0 0.39783653846153844 0.7788461538461539 0.038461538461538464 0.04927884615384615
0 0.41947115384615385 0.7151442307692307 0.04567307692307692 0.04326923076923077
0 0.4963942307692308 0.7127403846153846 0.03485576923076923 0.038461538461538464
0 0.5144230769230769 0.6021634615384616 0.04927884615384615 0.042067307692307696
0 0.5973557692307693 0.7572115384615384 0.055288461538461536 0.04447115384615385
0 0.6274038461538461 0.7776442307692307 0.03365384615384615 0.05889423076923077
0 0.6670673076923077 0.7355769230769231 0.036057692307692304 0.042067307692307696
0 0.7139423076923077 0.3581730769230769 0.04447115384615385 0.05048076923076923
0 0.7103365384615384 0.40865384615384615 0.03125 0.03245192307692308