2 0.42788461538461536 0.22956730769230768 0.6069711538461539 0.2548076923076923
2 0.8461538461538461 0.18870192307692307 0.19831730769230768 0.171875
2 0.53125 0.47716346153846156 0.8076923076923077 0.36899038461538464
2 0.4855769230769231 0.7992788461538461 0.4050480769230769 0.24278846153846154
2 0.19230769230769232 0.8040865384615384 0.15625 0.234375
1 0.10817307692307693 0.25600961538461536 0.037259615384615384 0.14543269230769232
1 0.11177884615384616 0.5228365384615384 0.039663461538461536 0.27283653846153844
1 0.11057692307692307 0.8052884615384616 0.02403846153846154 0.234375
0 0.3918269230769231 0.6454326923076923 0.10817307692307693 0.078125
0 0.32091346153846156 0.7283653846153846 0.125 0.07091346153846154
0 0.8076923076923077 0.6838942307692307 0.12379807692307693 0.17307692307692307
0 0.8173076923076923 0.3125 0.09735576923076923 0.07932692307692307
0 0.6838942307692307 0.31850961538461536 0.14182692307692307 0.06009615384615385
0 0.25600961538461536 0.34134615384615385 0.1141826923076923 0.09134615384615384