2 0.07692307692307693 0.18870192307692307 0.10817307692307693 0.2536057692307692
2 0.31971153846153844 0.1971153846153846 0.3473557692307692 0.2620192307692308
2 0.5685096153846154 0.14903846153846154 0.12740384615384615 0.1201923076923077
2 0.7932692307692307 0.203125 0.31490384615384615 0.27403846153846156
2 0.7283653846153846 0.5793269230769231 0.4543269230769231 0.7355769230769231
2 0.5540865384615384 0.6814903846153846 0.1045673076923077 0.09495192307692307
0 0.6310096153846154 0.7043269230769231 0.06009615384615385 0.04807692307692308
0 0.6634615384615384 0.8521634615384616 0.09375 0.15985576923076922
0 0.7319711538461539 0.3137019230769231 0.0829326923076923 0.09254807692307693
0 0.45913461538461536 0.2800480769230769 0.09615384615384616 0.06370192307692307
0 0.5637019230769231 0.23677884615384615 0.055288461538461536 0.0625
0 0.13221153846153846 0.28365384615384615 0.14543269230769232 0.06971153846153846
1 0.13701923076923078 0.15384615384615385 0.03245192307692308 0.17067307692307693
1 0.9591346153846154 0.1971153846153846 0.03365384615384615 0.1875
1 0.9591346153846154 0.4963942307692308 0.03485576923076923 0.2283653846153846
1 0.9663461538461539 0.796875 0.03245192307692308 0.19831730769230768