2 0.28125 0.5625 0.37740384615384615 0.5348557692307693
2 0.3798076923076923 0.6826923076923077 0.17427884615384615 0.3004807692307692
2 0.2439903846153846 0.7884615384615384 0.0889423076923077 0.08173076923076923
2 0.14423076923076922 0.7908653846153846 0.1045673076923077 0.078125
2 0.13341346153846154 0.9038461538461539 0.10817307692307693 0.11778846153846154
2 0.25841346153846156 0.9050480769230769 0.13942307692307693 0.13581730769230768
2 0.7331730769230769 0.4026442307692308 0.39783653846153844 0.2091346153846154
2 0.28365384615384615 0.1466346153846154 0.40024038461538464 0.27163461538461536
2 0.6634615384615384 0.5456730769230769 0.24519230769230768 0.13942307692307693
2 0.8533653846153846 0.6177884615384616 0.12379807692307693 0.20192307692307693
2 0.8581730769230769 0.7800480769230769 0.12139423076923077 0.1141826923076923
2 0.6646634615384616 0.7307692307692307 0.25 0.20192307692307693
1 0.8581730769230769 0.8449519230769231 0.052884615384615384 0.019230769230769232
1 0.6754807692307693 0.8401442307692307 0.11538461538461539 0.016826923076923076
1 0.75 0.28725961538461536 0.19591346153846154 0.020432692307692308
1 0.3293269230769231 0.28966346153846156 0.1346153846153846 0.015625
1 0.3798076923076923 0.8377403846153846 0.09975961538461539 0.013221153846153846
0 0.23076923076923078 0.2980769230769231 0.06610576923076923 0.10216346153846154
0 0.1778846153846154 0.7295673076923077 0.042067307692307696 0.054086538461538464
0 0.23918269230769232 0.7752403846153846 0.06850961538461539 0.05889423076923077
0 0.23918269230769232 0.8653846153846154 0.06370192307692307 0.06129807692307692
0 0.21995192307692307 0.9266826923076923 0.06370192307692307 0.056490384615384616
0 0.7692307692307693 0.5793269230769231 0.056490384615384616 0.05048076923076923
0 0.7572115384615384 0.45072115384615385 0.052884615384615384 0.04326923076923077
0 0.7596153846153846 0.6514423076923077 0.046875 0.057692307692307696
0 0.8221153846153846 0.7091346153846154 0.04326923076923077 0.036057692307692304