2 0.6935096153846154 0.8197115384615384 0.09615384615384616 0.1971153846153846
2 0.859375 0.6213942307692307 0.21153846153846154 0.18509615384615385
2 0.8581730769230769 0.3557692307692308 0.203125 0.31490384615384615
2 0.6237980769230769 0.3545673076923077 0.2439903846153846 0.3233173076923077
2 0.36177884615384615 0.4519230769230769 0.6201923076923077 0.5300480769230769
2 0.7091346153846154 0.6225961538461539 0.07451923076923077 0.17908653846153846
2 0.5697115384615384 0.8137019230769231 0.13581730769230768 0.16947115384615385
2 0.4254807692307692 0.7632211538461539 0.14903846153846154 0.2692307692307692
2 0.19951923076923078 0.7632211538461539 0.30408653846153844 0.265625
2 0.19230769230769232 0.09254807692307693 0.20192307692307693 0.15264423076923078
1 0.15625 0.1778846153846154 0.12259615384615384 0.025240384615384616
1 0.3737980769230769 0.1778846153846154 0.12259615384615384 0.037259615384615384
1 0.5985576923076923 0.1814903846153846 0.12139423076923077 0.030048076923076924
1 0.8088942307692307 0.1778846153846154 0.0673076923076923 0.026442307692307692
1 0.8978365384615384 0.18389423076923078 0.07091346153846154 0.02403846153846154
1 0.5540865384615384 0.9038461538461539 0.07091346153846154 0.03245192307692308
1 0.4206730769230769 0.9050480769230769 0.07211538461538461 0.027644230769230768
1 0.16826923076923078 0.9038461538461539 0.12139423076923077 0.027644230769230768
0 0.3137019230769231 0.6574519230769231 0.051682692307692304 0.07451923076923077
0 0.3293269230769231 0.48677884615384615 0.037259615384615384 0.07451923076923077
0 0.24519230769230768 0.19591346153846154 0.056490384615384616 0.140625
0 0.5336538461538461 0.4891826923076923 0.046875 0.07572115384615384
0 0.42427884615384615 0.6622596153846154 0.057692307692307696 0.08173076923076923
0 0.47475961538461536 0.7884615384615384 0.054086538461538464 0.06490384615384616
0 0.6502403846153846 0.5745192307692307 0.04567307692307692 0.0829326923076923
0 0.7716346153846154 0.5769230769230769 0.06009615384615385 0.0673076923076923
0 0.9314903846153846 0.5492788461538461 0.04447115384615385 0.07211538461538461
0 0.9338942307692307 0.7512019230769231 0.04927884615384615 0.07451923076923077
0 0.7115384615384616 0.9411057692307693 0.051682692307692304 0.08653846153846154