2 0.21634615384615385 0.17067307692307693 0.12259615384615384 0.25
2 0.48677884615384615 0.5913461538461539 0.6526442307692307 0.5504807692307693
2 0.5528846153846154 0.7980769230769231 0.19230769230769232 0.1310096153846154
2 0.5841346153846154 0.47596153846153844 0.20552884615384615 0.31971153846153844
2 0.8028846153846154 0.4735576923076923 0.21394230769230768 0.3173076923076923
2 0.8677884615384616 0.75 0.09014423076923077 0.22115384615384615
1 0.609375 0.30408653846153844 0.13942307692307693 0.026442307692307692
1 0.7668269230769231 0.3076923076923077 0.13581730769230768 0.025240384615384616
1 0.14783653846153846 0.5576923076923077 0.019230769230769232 0.13942307692307693
1 0.14903846153846154 0.7223557692307693 0.026442307692307692 0.12980769230769232
0 0.5612980769230769 0.7091346153846154 0.078125 0.0889423076923077
0 0.6057692307692307 0.6033653846153846 0.0673076923076923 0.08413461538461539
0 0.7295673076923077 0.609375 0.06850961538461539 0.0733173076923077
0 0.7920673076923077 0.7740384615384616 0.06490384615384616 0.054086538461538464
0 0.7752403846153846 0.875 0.07451923076923077 0.14783653846153846
0 0.20673076923076922 0.27884615384615385 0.0829326923076923 0.0889423076923077