2 0.2644230769230769 0.23677884615384615 0.28365384615384615 0.2956730769230769
2 0.44591346153846156 0.18389423076923078 0.10817307692307693 0.18629807692307693
2 0.6959134615384616 0.29927884615384615 0.37259615384615385 0.4026442307692308
2 0.9471153846153846 0.28966346153846156 0.09615384615384616 0.4206730769230769
2 0.7403846153846154 0.6526442307692307 0.27524038461538464 0.296875
2 0.3581730769230769 0.47596153846153844 0.46153846153846156 0.3762019230769231
1 0.8894230769230769 0.6478365384615384 0.021634615384615384 0.18509615384615385
1 0.8918269230769231 0.24519230769230768 0.020432692307692308 0.22716346153846154
1 0.11538461538461539 0.5300480769230769 0.019230769230769232 0.13701923076923078
1 0.11538461538461539 0.24158653846153846 0.018028846153846152 0.13221153846153846
0 0.37740384615384615 0.34134615384615385 0.07211538461538461 0.10216346153846154
0 0.4543269230769231 0.3076923076923077 0.04447115384615385 0.078125
0 0.44591346153846156 0.6742788461538461 0.0733173076923077 0.22115384615384615
0 0.5336538461538461 0.6514423076923077 0.04326923076923077 0.08413461538461539
0 0.5685096153846154 0.6165865384615384 0.06490384615384616 0.0889423076923077
0 0.859375 0.4074519230769231 0.07932692307692307 0.10096153846153846