2 0.7475961538461539 0.12139423076923077 0.38822115384615385 0.18990384615384615
2 0.640625 0.5444711538461539 0.5625 0.5817307692307693
2 0.5673076923076923 0.7151442307692307 0.22596153846153846 0.22596153846153846
2 0.265625 0.7175480769230769 0.3581730769230769 0.23677884615384615
2 0.21754807692307693 0.4182692307692308 0.26322115384615385 0.328125
1 0.22355769230769232 0.2283653846153846 0.15504807692307693 0.04807692307692308
1 0.06009615384615385 0.4879807692307692 0.046875 0.06610576923076923
1 0.06009615384615385 0.7367788461538461 0.051682692307692304 0.140625
1 0.44350961538461536 0.22596153846153846 0.13581730769230768 0.04567307692307692
1 0.7788461538461539 0.23076923076923078 0.14903846153846154 0.04567307692307692
0 0.6105769230769231 0.1971153846153846 0.09495192307692307 0.12139423076923077
0 0.7307692307692307 0.7427884615384616 0.09735576923076923 0.08774038461538461
0 0.7572115384615384 0.8858173076923077 0.09615384615384616 0.109375
0 0.5901442307692307 0.7163461538461539 0.1045673076923077 0.09375
0 0.4074519230769231 0.6394230769230769 0.09134615384615384 0.09134615384615384
0 0.3173076923076923 0.49158653846153844 0.09014423076923077 0.08653846153846154