2 0.18990384615384615 0.14423076923076922 0.28966346153846156 0.16826923076923078
2 0.49399038461538464 0.35216346153846156 0.296875 0.5504807692307693
2 0.8064903846153846 0.25240384615384615 0.28725961538461536 0.35096153846153844
2 0.6826923076923077 0.4579326923076923 0.04807692307692308 0.06370192307692307
2 0.7319711538461539 0.4519230769230769 0.04326923076923077 0.055288461538461536
2 0.7752403846153846 0.4519230769230769 0.038461538461538464 0.055288461538461536
2 0.8221153846153846 0.4579326923076923 0.038461538461538464 0.06009615384615385
2 0.8954326923076923 0.45552884615384615 0.09615384615384616 0.056490384615384616
2 0.8028846153846154 0.6442307692307693 0.29447115384615385 0.30649038461538464
1 0.9663461538461539 0.6021634615384616 0.037259615384615384 0.21394230769230768
1 0.6514423076923077 0.06490384615384616 0.42908653846153844 0.030048076923076924
2 0.07451923076923077 0.29447115384615385 0.04807692307692308 0.052884615384615384
2 0.07211538461538461 0.3425480769230769 0.04567307692307692 0.04326923076923077
2 0.07211538461538461 0.4014423076923077 0.04447115384615385 0.0625
2 0.19230769230769232 0.4495192307692308 0.29086538461538464 0.3701923076923077
2 0.13341346153846154 0.7163461538461539 0.18028846153846154 0.16105769230769232
2 0.43509615384615385 0.7175480769230769 0.4110576923076923 0.16826923076923078
2 0.49038461538461536 0.8930288461538461 0.3137019230769231 0.15504807692307693
0 0.2956730769230769 0.8064903846153846 0.09495192307692307 0.203125
0 0.25240384615384615 0.7223557692307693 0.07091346153846154 0.06850961538461539
0 0.30528846153846156 0.5913461538461539 0.07692307692307693 0.10336538461538461
0 0.4326923076923077 0.59375 0.07692307692307693 0.11298076923076923
0 0.6165865384615384 0.6814903846153846 0.08533653846153846 0.09495192307692307
0 0.5612980769230769 0.7668269230769231 0.07451923076923077 0.08653846153846154
0 0.6887019230769231 0.19230769230769232 0.10096153846153846 0.08533653846153846
0 0.30288461538461536 0.18629807692307693 0.0889423076923077 0.07932692307692307
1 0.21394230769230768 0.24879807692307693 0.21394230769230768 0.02283653846153846