2 0.16706730769230768 0.28725961538461536 0.22235576923076922 0.4074519230769231
2 0.3942307692307692 0.21394230769230768 0.21754807692307693 0.25
2 0.5396634615384616 0.42788461538461536 0.5168269230769231 0.6826923076923077
2 0.8786057692307693 0.43149038461538464 0.11658653846153846 0.6790865384615384
2 0.16706730769230768 0.7199519230769231 0.21754807692307693 0.4483173076923077
1 0.04326923076923077 0.33653846153846156 0.030048076923076924 0.16105769230769232
1 0.042067307692307696 0.6959134615384616 0.021634615384615384 0.33413461538461536
0 0.8100961538461539 0.3737980769230769 0.12740384615384615 0.11298076923076923
1 0.8088942307692307 0.5793269230769231 0.025240384615384616 0.16706730769230768
1 0.8100961538461539 0.21875 0.027644230769230768 0.20552884615384615
0 0.49158653846153844 0.4987980769230769 0.04807692307692308 0.09134615384615384
0 0.4266826923076923 0.5132211538461539 0.06129807692307692 0.08533653846153846
0 0.4182692307692308 0.3701923076923077 0.055288461538461536 0.0829326923076923
0 0.4014423076923077 0.2824519230769231 0.056490384615384616 0.06610576923076923
0 0.30408653846153844 0.3894230769230769 0.056490384615384616 0.0733173076923077
0 0.25721153846153844 0.5492788461538461 0.06490384615384616 0.09495192307692307
0 0.328125 0.7259615384615384 0.06850961538461539 0.13701923076923078