2 0.5625 0.7920673076923077 0.03245192307692308 0.09495192307692307
2 0.5180288461538461 0.8137019230769231 0.051682692307692304 0.04927884615384615
2 0.5204326923076923 0.7632211538461539 0.051682692307692304 0.03365384615384615
2 0.5673076923076923 0.6694711538461539 0.02283653846153846 0.020432692307692308
2 0.5673076923076923 0.7007211538461539 0.025240384615384616 0.030048076923076924
2 0.5925480769230769 0.6971153846153846 0.020432692307692308 0.051682692307692304
2 0.5432692307692307 0.7019230769230769 0.07091346153846154 0.0829326923076923
2 0.47596153846153844 0.6802884615384616 0.0625 0.04567307692307692
2 0.48677884615384615 0.7223557692307693 0.04447115384615385 0.03365384615384615
2 0.4543269230769231 0.7271634615384616 0.025240384615384616 0.03365384615384615
2 0.421875 0.6983173076923077 0.04927884615384615 0.078125
2 0.5228365384615384 0.5853365384615384 0.11538461538461539 0.14423076923076922
2 0.4230769230769231 0.5432692307692307 0.0733173076923077 0.06370192307692307
2 0.4230769230769231 0.6153846153846154 0.07091346153846154 0.0733173076923077
2 0.44350961538461536 0.7956730769230769 0.09254807692307693 0.0985576923076923
2 0.34375 0.8004807692307693 0.10697115384615384 0.07692307692307693
2 0.38100961538461536 0.7235576923076923 0.03485576923076923 0.0625
2 0.3269230769230769 0.7247596153846154 0.06490384615384616 0.06129807692307692
2 0.33653846153846156 0.5961538461538461 0.0889423076923077 0.18509615384615385
1 0.28846153846153844 0.578125 0.007211538461538462 0.025240384615384616
1 0.4362980769230769 0.5084134615384616 0.02283653846153846 0.016826923076923076
1 0.5180288461538461 0.5072115384615384 0.046875 0.014423076923076924
1 0.5817307692307693 0.5745192307692307 0.007211538461538462 0.040865384615384616
1 0.3473557692307692 0.8461538461538461 0.02283653846153846 0.016826923076923076
0 0.33653846153846156 0.48197115384615385 0.06971153846153846 0.054086538461538464
0 0.4254807692307692 0.5925480769230769 0.018028846153846152 0.03365384615384615
0 0.47836538461538464 0.6394230769230769 0.025240384615384616 0.038461538461538464
0 0.5661057692307693 0.6454326923076923 0.02283653846153846 0.03125
0 0.5348557692307693 0.671875 0.02403846153846154 0.027644230769230768
0 0.5228365384615384 0.7271634615384616 0.027644230769230768 0.037259615384615384
0 0.5456730769230769 0.703125 0.030048076923076924 0.025240384615384616
0 0.5913461538461539 0.7067307692307693 0.027644230769230768 0.040865384615384616
0 0.5492788461538461 0.7355769230769231 0.018028846153846152 0.021634615384615384
0 0.5372596153846154 0.765625 0.027644230769230768 0.027644230769230768
0 0.4831730769230769 0.7680288461538461 0.026442307692307692 0.030048076923076924
0 0.4831730769230769 0.8016826923076923 0.02403846153846154 0.026442307692307692
0 0.42908653846153844 0.7572115384615384 0.025240384615384616 0.036057692307692304
0 0.4110576923076923 0.78125 0.038461538461538464 0.03365384615384615
0 0.3737980769230769 0.7764423076923077 0.028846153846153848 0.037259615384615384
2 0.6574519230769231 0.234375 0.27524038461538464 0.3173076923076923
2 0.5865384615384616 0.23557692307692307 0.1346153846153846 0.17427884615384615
2 0.5661057692307693 0.3557692307692308 0.10336538461538461 0.06370192307692307
0 0.5793269230769231 0.28125 0.028846153846153848 0.04326923076923077
0 0.6334134615384616 0.203125 0.020432692307692308 0.03245192307692308
0 0.6346153846153846 0.26802884615384615 0.02283653846153846 0.03365384615384615
0 0.640625 0.3004807692307692 0.027644230769230768 0.02403846153846154
0 0.6274038461538461 0.3581730769230769 0.025240384615384616 0.025240384615384616
1 0.7980769230769231 0.23197115384615385 0.009615384615384616 0.054086538461538464
1 0.5132211538461539 0.2403846153846154 0.014423076923076924 0.04927884615384615
2 0.4170673076923077 0.1502403846153846 0.10817307692307693 0.14903846153846154
2 0.2860576923076923 0.1466346153846154 0.15745192307692307 0.15384615384615385
2 0.25600961538461536 0.31971153846153844 0.09975961538461539 0.14423076923076922
2 0.3485576923076923 0.3076923076923077 0.09495192307692307 0.16706730769230768
2 0.4362980769230769 0.31850961538461536 0.07451923076923077 0.14543269230769232
2 0.4182692307692308 0.23557692307692307 0.030048076923076924 0.06971153846153846
0 0.3713942307692308 0.20072115384615385 0.027644230769230768 0.026442307692307692
0 0.38100961538461536 0.23798076923076922 0.020432692307692308 0.03245192307692308
0 0.3894230769230769 0.2536057692307692 0.02403846153846154 0.03365384615384615
0 0.4098557692307692 0.2848557692307692 0.021634615384615384 0.030048076923076924
0 0.38341346153846156 0.32091346153846156 0.021634615384615384 0.030048076923076924
0 0.3485576923076923 0.2920673076923077 0.021634615384615384 0.03245192307692308
0 0.3329326923076923 0.24158653846153846 0.021634615384615384 0.03365384615384615
0 0.3112980769230769 0.2824519230769231 0.018028846153846152 0.018028846153846152
0 0.3137019230769231 0.28966346153846156 0.019230769230769232 0.026442307692307692
0 0.375 0.3786057692307692 0.020432692307692308 0.028846153846153848
0 0.37740384615384615 0.41346153846153844 0.03125 0.04326923076923077
0 0.2620192307692308 0.2668269230769231 0.02403846153846154 0.036057692307692304
0 0.23197115384615385 0.2704326923076923 0.027644230769230768 0.03125
0 0.3245192307692308 0.06610576923076923 0.020432692307692308 0.07932692307692307
1 0.203125 0.11057692307692307 0.009615384615384616 0.051682692307692304
1 0.24158653846153846 0.06490384615384616 0.06971153846153846 0.016826923076923076
1 0.421875 0.06610576923076923 0.04326923076923077 0.010817307692307692
1 0.4411057692307692 0.3942307692307692 0.042067307692307696 0.016826923076923076
1 0.2548076923076923 0.3954326923076923 0.04447115384615385 0.020432692307692308