2 0.3449519230769231 0.15865384615384615 0.15144230769230768 0.20192307692307693
2 0.14903846153846154 0.2091346153846154 0.23918269230769232 0.2956730769230769
2 0.5492788461538461 0.4326923076923077 0.5528846153846154 0.7487980769230769
2 0.7536057692307693 0.5204326923076923 0.32211538461538464 0.2620192307692308
2 0.8882211538461539 0.1971153846153846 0.07451923076923077 0.3161057692307692
2 0.5036057692307693 0.5348557692307693 0.14543269230769232 0.2824519230769231
2 0.14903846153846154 0.6959134615384616 0.25 0.21634615384615385
1 0.015625 0.11057692307692307 0.028846153846153848 0.07211538461538461
1 0.018028846153846152 0.25 0.026442307692307692 0.1935096153846154
1 0.018028846153846152 0.42908653846153844 0.021634615384615384 0.08052884615384616
1 0.018028846153846152 0.5192307692307693 0.02283653846153846 0.078125
1 0.018028846153846152 0.6526442307692307 0.02403846153846154 0.07211538461538461
1 0.016826923076923076 0.7415865384615384 0.02283653846153846 0.07572115384615384
0 0.6526442307692307 0.34134615384615385 0.06971153846153846 0.10336538461538461
0 0.8617788461538461 0.30528846153846156 0.0889423076923077 0.08052884615384616
1 0.8329326923076923 0.15745192307692307 0.030048076923076924 0.21394230769230768
1 0.9242788461538461 0.48197115384615385 0.028846153846153848 0.1778846153846154
1 0.9230769230769231 0.6081730769230769 0.03125 0.07091346153846154
0 0.6117788461538461 0.4831730769230769 0.08653846153846154 0.06971153846153846
0 0.36177884615384615 0.3004807692307692 0.04447115384615385 0.078125
0 0.25240384615384615 0.3137019230769231 0.0673076923076923 0.06610576923076923
0 0.3016826923076923 0.4723557692307692 0.06971153846153846 0.07451923076923077
0 0.2512019230769231 0.7007211538461539 0.06009615384615385 0.0625
0 0.3293269230769231 0.8149038461538461 0.055288461538461536 0.15865384615384615