2 0.6947115384615384 0.41466346153846156 0.4855769230769231 0.5913461538461539
2 0.5216346153846154 0.19110576923076922 0.12860576923076922 0.15865384615384615
2 0.4987980769230769 0.4338942307692308 0.09254807692307693 0.10697115384615384
2 0.4795673076923077 0.49759615384615385 0.056490384615384616 0.0733173076923077
2 0.5865384615384616 0.7776442307692307 0.08533653846153846 0.1141826923076923
2 0.2776442307692308 0.3245192307692308 0.34975961538461536 0.41346153846153844
1 0.09375 0.33052884615384615 0.015625 0.16466346153846154
1 0.9375 0.2920673076923077 0.020432692307692308 0.16346153846153846
0 0.5204326923076923 0.30649038461538464 0.06009615384615385 0.09254807692307693
0 0.4963942307692308 0.35697115384615385 0.054086538461538464 0.08052884615384616
0 0.4206730769230769 0.3317307692307692 0.07572115384615384 0.09615384615384616
0 0.5841346153846154 0.8870192307692307 0.06971153846153846 0.12379807692307693
0 0.5829326923076923 0.6742788461538461 0.07091346153846154 0.11538461538461539