2 0.7067307692307693 0.8377403846153846 0.4050480769230769 0.24759615384615385
2 0.4050480769230769 0.8641826923076923 0.1622596153846154 0.19230769230769232
2 0.2668269230769231 0.0733173076923077 0.4387019230769231 0.09735576923076923
2 0.7007211538461539 0.15384615384615385 0.4170673076923077 0.24158653846153846
2 0.4795673076923077 0.41947115384615385 0.8485576923076923 0.5673076923076923
2 0.10817307692307693 0.5889423076923077 0.11177884615384616 0.13341346153846154
1 0.19110576923076922 0.13221153846153846 0.24759615384615385 0.013221153846153846
0 0.41466346153846156 0.7451923076923077 0.07451923076923077 0.07692307692307693
0 0.20072115384615385 0.5961538461538461 0.08653846153846154 0.055288461538461536
0 0.2668269230769231 0.6286057692307693 0.10336538461538461 0.0829326923076923
0 0.5300480769230769 0.21754807692307693 0.07932692307692307 0.07211538461538461
0 0.4266826923076923 0.09254807692307693 0.109375 0.11298076923076923
1 0.9098557692307693 0.3918269230769231 0.019230769230769232 0.09134615384615384
1 0.9134615384615384 0.6069711538461539 0.02403846153846154 0.09375