1 0.18870192307692307 0.08413461538461539 0.1310096153846154 0.020432692307692308
1 0.6418269230769231 0.08653846153846154 0.14423076923076922 0.019230769230769232
1 0.8774038461538461 0.08413461538461539 0.10216346153846154 0.016826923076923076
1 0.8341346153846154 0.8786057692307693 0.140625 0.026442307692307692
1 0.6081730769230769 0.8798076923076923 0.13942307692307693 0.020432692307692308
1 0.3942307692307692 0.8786057692307693 0.13341346153846154 0.020432692307692308
1 0.13822115384615385 0.8798076923076923 0.12980769230769232 0.02283653846153846
2 0.7415865384615384 0.3449519230769231 0.4206730769230769 0.5132211538461539
2 0.8257211538461539 0.7415865384615384 0.24519230769230768 0.2608173076923077
2 0.6141826923076923 0.7391826923076923 0.15625 0.25961538461538464
2 0.39903846153846156 0.7403846153846154 0.15504807692307693 0.2620192307692308
2 0.14182692307692307 0.7403846153846154 0.1658653846153846 0.25600961538461536
2 0.27283653846153844 0.8293269230769231 0.0733173076923077 0.0829326923076923
2 0.18629807692307693 0.4362980769230769 0.24759615384615385 0.6778846153846154
2 0.3942307692307692 0.5480769230769231 0.16346153846153846 0.10336538461538461
2 0.39903846153846156 0.44350961538461536 0.15384615384615385 0.09375
2 0.3954326923076923 0.32572115384615385 0.15865384615384615 0.11658653846153846
2 0.40024038461538464 0.17427884615384615 0.1502403846153846 0.16706730769230768
0 0.28725961538461536 0.21754807692307693 0.06490384615384616 0.06490384615384616
0 0.38822115384615385 0.24519230769230768 0.06490384615384616 0.06971153846153846
0 0.29447115384615385 0.45913461538461536 0.0673076923076923 0.06129807692307692
0 0.3954326923076923 0.6334134615384616 0.055288461538461536 0.06009615384615385
0 0.3389423076923077 0.6586538461538461 0.06490384615384616 0.06009615384615385
0 0.19591346153846154 0.6346153846153846 0.06129807692307692 0.0733173076923077
0 0.2692307692307692 0.8100961538461539 0.05889423076923077 0.0625
0 0.2704326923076923 0.90625 0.057692307692307696 0.08052884615384616
0 0.6622596153846154 0.6322115384615384 0.04447115384615385 0.07572115384615384
0 0.7572115384615384 0.6346153846153846 0.056490384615384616 0.06370192307692307
0 0.8197115384615384 0.5733173076923077 0.056490384615384616 0.04326923076923077
0 0.8209134615384616 0.48677884615384615 0.0733173076923077 0.06009615384615385
0 0.7632211538461539 0.054086538461538464 0.057692307692307696 0.0829326923076923