2 0.49158653846153844 0.09735576923076923 0.953125 0.19230769230769232
2 0.12860576923076922 0.2512019230769231 0.17908653846153846 0.07932692307692307
2 0.3762019230769231 0.30288461538461536 0.27403846153846156 0.20673076923076922
2 0.609375 0.4326923076923077 0.7223557692307693 0.4423076923076923
2 0.7776442307692307 0.5552884615384616 0.34375 0.20192307692307693
2 0.20072115384615385 0.5745192307692307 0.3485576923076923 0.15985576923076922
2 0.1310096153846154 0.47115384615384615 0.1971153846153846 0.04447115384615385
2 0.5072115384615384 0.8293269230769231 0.984375 0.34134615384615385
2 0.8834134615384616 0.9242788461538461 0.20552884615384615 0.1502403846153846
1 0.39903846153846156 0.20072115384615385 0.18990384615384615 0.013221153846153846
1 0.7728365384615384 0.19951923076923078 0.21875 0.020432692307692308
1 0.1814903846153846 0.1971153846153846 0.03125 0.010817307692307692
1 0.7019230769230769 0.6586538461538461 0.19471153846153846 0.014423076923076924
1 0.1971153846153846 0.6598557692307693 0.1875 0.020432692307692308
0 0.7451923076923077 0.9507211538461539 0.15144230769230768 0.038461538461538464
0 0.44711538461538464 0.6790865384615384 0.10697115384615384 0.04927884615384615
0 0.43509615384615385 0.6310096153846154 0.11778846153846154 0.04326923076923077
0 0.32211538461538464 0.5492788461538461 0.08653846153846154 0.030048076923076924
0 0.6430288461538461 0.5240384615384616 0.1045673076923077 0.03485576923076923
0 0.18389423076923078 0.42908653846153844 0.11057692307692307 0.03365384615384615
0 0.25961538461538464 0.4675480769230769 0.07692307692307693 0.025240384615384616
0 0.4110576923076923 0.42427884615384615 0.11057692307692307 0.038461538461538464
0 0.6117788461538461 0.20072115384615385 0.11057692307692307 0.08173076923076923
0 0.18509615384615385 0.30528846153846156 0.08774038461538461 0.036057692307692304