2 0.21394230769230768 0.40625 0.2608173076923077 0.5048076923076923
2 0.15865384615384615 0.7487980769230769 0.17548076923076922 0.16346153846153846
2 0.30288461538461536 0.7403846153846154 0.08653846153846154 0.15865384615384615
2 0.6466346153846154 0.48197115384615385 0.5673076923076923 0.6754807692307693
2 0.8485576923076923 0.5661057692307693 0.15865384615384615 0.17548076923076922
2 0.8076923076923077 0.30528846153846156 0.24639423076923078 0.31971153846153844
0 0.7283653846153846 0.5108173076923077 0.0673076923076923 0.09495192307692307
0 0.7391826923076923 0.59375 0.06370192307692307 0.0985576923076923
0 0.8846153846153846 0.8125 0.10336538461538461 0.21754807692307693
0 0.3894230769230769 0.5324519230769231 0.08052884615384616 0.09615384615384616
0 0.30288461538461536 0.6286057692307693 0.054086538461538464 0.10216346153846154
0 0.2127403846153846 0.6286057692307693 0.057692307692307696 0.09375