2 0.71875 0.49759615384615385 0.29447115384615385 0.5600961538461539
2 0.71875 0.10697115384615384 0.29447115384615385 0.15504807692307693
2 0.47836538461538464 0.328125 0.16346153846153846 0.2247596153846154
2 0.47836538461538464 0.5240384615384616 0.16826923076923078 0.16826923076923078
2 0.43990384615384615 0.6959134615384616 0.24158653846153846 0.16466346153846154
2 0.21754807692307693 0.6959134615384616 0.1778846153846154 0.15504807692307693
2 0.2620192307692308 0.41225961538461536 0.25721153846153844 0.4026442307692308
1 0.2608173076923077 0.19591346153846154 0.14423076923076922 0.037259615384615384
1 0.4879807692307692 0.19831730769230768 0.06610576923076923 0.03365384615384615
1 0.7512019230769231 0.19951923076923078 0.1502403846153846 0.03245192307692308
0 0.6334134615384616 0.15144230769230768 0.0733173076923077 0.12860576923076922
0 0.5925480769230769 0.33533653846153844 0.06370192307692307 0.08173076923076923
0 0.5985576923076923 0.6754807692307693 0.08653846153846154 0.09495192307692307
0 0.5132211538461539 0.7860576923076923 0.0733173076923077 0.19471153846153846
0 0.4987980769230769 0.6574519230769231 0.07211538461538461 0.09735576923076923
0 0.3485576923076923 0.5733173076923077 0.078125 0.11177884615384616
0 0.33653846153846156 0.6838942307692307 0.05889423076923077 0.06610576923076923