2 0.22716346153846154 0.2920673076923077 0.36658653846153844 0.39302884615384615
2 0.109375 0.41225961538461536 0.1346153846153846 0.14423076923076922
2 0.11057692307692307 0.6189903846153846 0.1346153846153846 0.2764423076923077
2 0.375 0.16826923076923078 0.08774038461538461 0.15144230769230768
2 0.2403846153846154 0.6165865384615384 0.10576923076923077 0.2704326923076923
2 0.2848557692307692 0.7487980769230769 0.0673076923076923 0.12379807692307693
2 0.2127403846153846 0.8569711538461539 0.13581730769230768 0.16466346153846154
2 0.3076923076923077 0.8713942307692307 0.05048076923076923 0.12139423076923077
2 0.3713942307692308 0.8798076923076923 0.07451923076923077 0.10096153846153846
2 0.3641826923076923 0.7704326923076923 0.09134615384615384 0.11057692307692307
2 0.3004807692307692 0.5264423076923077 0.07091346153846154 0.08653846153846154
2 0.35216346153846156 0.6033653846153846 0.10336538461538461 0.2283653846153846
2 0.44591346153846156 0.6057692307692307 0.055288461538461536 0.27163461538461536
2 0.6418269230769231 0.18509615384615385 0.14302884615384615 0.18389423076923078
2 0.625 0.3894230769230769 0.11298076923076923 0.2127403846153846
2 0.7115384615384616 0.45072115384615385 0.06129807692307692 0.07451923076923077
2 0.7608173076923077 0.38221153846153844 0.15384615384615385 0.20192307692307693
2 0.8870192307692307 0.3713942307692308 0.09254807692307693 0.23197115384615385
2 0.8966346153846154 0.16706730769230768 0.08774038461538461 0.14903846153846154
2 0.7740384615384616 0.19110576923076922 0.1310096153846154 0.1814903846153846
2 0.7079326923076923 0.45072115384615385 0.06370192307692307 0.08413461538461539
2 0.7680288461538461 0.49399038461538464 0.037259615384615384 0.1466346153846154
0 0.33653846153846156 0.15745192307692307 0.039663461538461536 0.038461538461538464
0 0.33774038461538464 0.19471153846153846 0.04326923076923077 0.039663461538461536
0 0.16466346153846154 0.3762019230769231 0.03365384615384615 0.04567307692307692
0 0.1622596153846154 0.5709134615384616 0.040865384615384616 0.04567307692307692
0 0.2668269230769231 0.6706730769230769 0.03125 0.056490384615384616
0 0.21394230769230768 0.7908653846153846 0.03485576923076923 0.06370192307692307
0 0.26322115384615385 0.8786057692307693 0.055288461538461536 0.04447115384615385
0 0.36899038461538464 0.6923076923076923 0.036057692307692304 0.05048076923076923
0 0.42908653846153844 0.6814903846153846 0.04447115384615385 0.05048076923076923
0 0.3858173076923077 0.8064903846153846 0.03125 0.04326923076923077
0 0.3088942307692308 0.6237980769230769 0.038461538461538464 0.04326923076923077
0 0.6634615384615384 0.3125 0.040865384615384616 0.051682692307692304
0 0.6875 0.24759615384615385 0.04447115384615385 0.0625
0 0.7259615384615384 0.24759615384615385 0.03485576923076923 0.05048076923076923
0 0.7247596153846154 0.38822115384615385 0.039663461538461536 0.051682692307692304
0 0.859375 0.1971153846153846 0.04807692307692308 0.04447115384615385
1 0.6153846153846154 0.09615384615384616 0.038461538461538464 0.02403846153846154
1 0.6538461538461539 0.09615384615384616 0.03485576923076923 0.013221153846153846
1 0.7584134615384616 0.09975961538461539 0.036057692307692304 0.018028846153846152
1 0.796875 0.09735576923076923 0.038461538461538464 0.01201923076923077
1 0.9411057692307693 0.3137019230769231 0.010817307692307692 0.05889423076923077
1 0.9387019230769231 0.36658653846153844 0.007211538461538462 0.052884615384615384
1 0.8882211538461539 0.25 0.040865384615384616 0.019230769230769232
1 0.5649038461538461 0.3942307692307692 0.01201923076923077 0.06850961538461539
1 0.5661057692307693 0.20673076923076922 0.010817307692307692 0.056490384615384616
1 0.41346153846153844 0.3125 0.009615384615384616 0.04447115384615385
1 0.41225961538461536 0.36899038461538464 0.014423076923076924 0.04927884615384615
1 0.042067307692307696 0.2091346153846154 0.014423076923076924 0.05048076923076923
1 0.09134615384615384 0.09735576923076923 0.040865384615384616 0.018028846153846152
1 0.12980769230769232 0.09735576923076923 0.036057692307692304 0.016826923076923076
1 0.23317307692307693 0.09735576923076923 0.040865384615384616 0.019230769230769232
1 0.27283653846153844 0.0985576923076923 0.040865384615384616 0.021634615384615384
1 0.04326923076923077 0.39663461538461536 0.010817307692307692 0.0625
1 0.04326923076923077 0.6153846153846154 0.018028846153846152 0.051682692307692304
1 0.04326923076923077 0.6730769230769231 0.01201923076923077 0.051682692307692304
1 0.11298076923076923 0.7680288461538461 0.038461538461538464 0.02283653846153846
1 0.41346153846153844 0.8713942307692307 0.014423076923076924 0.05048076923076923
1 0.4110576923076923 0.7692307692307693 0.020432692307692308 0.052884615384615384
1 0.41466346153846156 0.5733173076923077 0.014423076923076924 0.054086538461538464
1 0.2644230769230769 0.7932692307692307 0.015625 0.025240384615384616