2 0.36899038461538464 0.11298076923076923 0.515625 0.15504807692307693
2 0.5252403846153846 0.3581730769230769 0.796875 0.29086538461538464
2 0.3112980769230769 0.4891826923076923 0.3293269230769231 0.1875
2 0.39783653846153844 0.5396634615384616 0.15264423076923078 0.08052884615384616
2 0.31009615384615385 0.6899038461538461 0.34975961538461536 0.19951923076923078
2 0.5793269230769231 0.6430288461538461 0.1935096153846154 0.28125
2 0.8004807692307693 0.6442307692307693 0.2620192307692308 0.2860576923076923
2 0.5180288461538461 0.8834134615384616 0.21995192307692307 0.15264423076923078
2 0.6971153846153846 0.8774038461538461 0.13341346153846154 0.1310096153846154
0 0.5552884615384616 0.8293269230769231 0.11298076923076923 0.08533653846153846
0 0.578125 0.9026442307692307 0.1201923076923077 0.0625
0 0.4362980769230769 0.6225961538461539 0.10576923076923077 0.06129807692307692
0 0.5252403846153846 0.5336538461538461 0.10216346153846154 0.06370192307692307
0 0.7127403846153846 0.5829326923076923 0.11057692307692307 0.05889423076923077
0 0.5612980769230769 0.1778846153846154 0.10817307692307693 0.07091346153846154
0 0.5240384615384616 0.42427884615384615 0.0985576923076923 0.0625
1 0.3076923076923077 0.7992788461538461 0.15865384615384615 0.019230769230769232
1 0.3581730769230769 0.20432692307692307 0.16105769230769232 0.025240384615384616
1 0.6959134615384616 0.19951923076923078 0.109375 0.014423076923076924
1 0.8185096153846154 0.20192307692307693 0.109375 0.019230769230769232
1 0.8569711538461539 0.7956730769230769 0.11658653846153846 0.015625