2 0.4699519230769231 0.22716346153846154 0.5649038461538461 0.38822115384615385
2 0.8521634615384616 0.3425480769230769 0.17908653846153846 0.6141826923076923
2 0.578125 0.5456730769230769 0.3401442307692308 0.21033653846153846
2 0.6274038461538461 0.8076923076923077 0.42788461538461536 0.28125
2 0.3137019230769231 0.8846153846153846 0.15625 0.1310096153846154
2 0.2247596153846154 0.6117788461538461 0.3545673076923077 0.38221153846153844
2 0.11658653846153846 0.5456730769230769 0.13581730769230768 0.21875
0 0.3641826923076923 0.5504807692307693 0.12740384615384615 0.09014423076923077
0 0.13942307692307693 0.6887019230769231 0.08173076923076923 0.08173076923076923
0 0.15384615384615385 0.8209134615384616 0.1141826923076923 0.17908653846153846
0 0.3112980769230769 0.7920673076923077 0.06850961538461539 0.07692307692307693
0 0.45072115384615385 0.7584134615384616 0.11899038461538461 0.07692307692307693
0 0.765625 0.3473557692307692 0.2127403846153846 0.1045673076923077
1 0.7584134615384616 0.5336538461538461 0.020432692307692308 0.12740384615384615
1 0.8521634615384616 0.8076923076923077 0.02283653846153846 0.1935096153846154
1 0.7620192307692307 0.17548076923076922 0.020432692307692308 0.25