2 0.8930288461538461 0.4266826923076923 0.13581730769230768 0.7836538461538461
2 0.5949519230769231 0.6430288461538461 0.4074519230769231 0.4375
2 0.6658653846153846 0.2403846153846154 0.25841346153846156 0.3401442307692308
2 0.4411057692307692 0.24278846153846154 0.19110576923076922 0.33653846153846156
2 0.28846153846153844 0.35336538461538464 0.11538461538461539 0.5240384615384616
2 0.28725961538461536 0.7451923076923077 0.20072115384615385 0.22355769230769232
2 0.11298076923076923 0.7463942307692307 0.13822115384615385 0.22716346153846154
2 0.36538461538461536 0.5432692307692307 0.040865384615384616 0.14543269230769232
0 0.5793269230769231 0.37740384615384615 0.06370192307692307 0.1201923076923077
0 0.8509615384615384 0.5216346153846154 0.09495192307692307 0.12259615384615384
0 0.23076923076923078 0.8737980769230769 0.07211538461538461 0.23918269230769232
0 0.2127403846153846 0.7379807692307693 0.078125 0.109375
0 0.30528846153846156 0.3173076923076923 0.0625 0.11658653846153846
1 0.8149038461538461 0.25 0.019230769230769232 0.14543269230769232
1 0.8185096153846154 0.7247596153846154 0.02283653846153846 0.1658653846153846
1 0.2776442307692308 0.042067307692307696 0.06971153846153846 0.03485576923076923
1 0.4026442307692308 0.042067307692307696 0.039663461538461536 0.03245192307692308
1 0.5853365384615384 0.038461538461538464 0.042067307692307696 0.03125