2 0.1875 0.2932692307692308 0.28725961538461536 0.33533653846153844
2 0.18629807692307693 0.6117788461538461 0.2800480769230769 0.27283653846153844
2 0.5817307692307693 0.33413461538461536 0.49399038461538464 0.4170673076923077
2 0.46875 0.6418269230769231 0.265625 0.19831730769230768
2 0.4831730769230769 0.8221153846153846 0.055288461538461536 0.16346153846153846
2 0.578125 0.8305288461538461 0.12259615384615384 0.15264423076923078
2 0.7584134615384616 0.7379807692307693 0.3016826923076923 0.33533653846153844
1 0.9182692307692307 0.7536057692307693 0.018028846153846152 0.16706730769230768
1 0.828125 0.3088942307692308 0.018028846153846152 0.28725961538461536
1 0.03365384615384615 0.6201923076923077 0.02283653846153846 0.15144230769230768
1 0.036057692307692304 0.33052884615384615 0.021634615384615384 0.18509615384615385
0 0.30649038461538464 0.5300480769230769 0.06490384615384616 0.08653846153846154
0 0.30649038461538464 0.4170673076923077 0.06129807692307692 0.06370192307692307
0 0.38461538461538464 0.41225961538461536 0.04807692307692308 0.078125
0 0.8569711538461539 0.5108173076923077 0.06129807692307692 0.07091346153846154
0 0.6322115384615384 0.6850961538461539 0.06370192307692307 0.0733173076923077
0 0.5697115384615384 0.7199519230769231 0.05048076923076923 0.078125
0 0.4807692307692308 0.7163461538461539 0.051682692307692304 0.07572115384615384
0 0.39302884615384615 0.7608173076923077 0.07572115384615384 0.23557692307692307