2 0.13942307692307693 0.21153846153846154 0.06610576923076923 0.32572115384615385
2 0.37740384615384615 0.23076923076923078 0.39302884615384615 0.36778846153846156
2 0.7391826923076923 0.23677884615384615 0.3112980769230769 0.3786057692307692
2 0.5396634615384616 0.5973557692307693 0.11177884615384616 0.36658653846153844
2 0.8064903846153846 0.7632211538461539 0.17548076923076922 0.21153846153846154
2 0.8401442307692307 0.5432692307692307 0.10576923076923077 0.21153846153846154
2 0.6911057692307693 0.5120192307692307 0.17307692307692307 0.15264423076923078
2 0.6538461538461539 0.6454326923076923 0.10336538461538461 0.09134615384615384
2 0.6586538461538461 0.7872596153846154 0.11899038461538461 0.15865384615384615
1 0.8978365384615384 0.2512019230769231 0.009615384615384616 0.12980769230769232
1 0.9014423076923077 0.5480769230769231 0.01201923076923077 0.07211538461538461
1 0.8990384615384616 0.7572115384615384 0.01201923076923077 0.12139423076923077
1 0.17307692307692307 0.1814903846153846 0.009615384615384616 0.1466346153846154
1 0.10096153846153846 0.2091346153846154 0.009615384615384616 0.3161057692307692