2 0.09254807692307693 0.30288461538461536 0.11658653846153846 0.23798076923076922
2 0.24639423076923078 0.46033653846153844 0.17548076923076922 0.18269230769230768
2 0.24519230769230768 0.27403846153846156 0.17548076923076922 0.17307692307692307
2 0.38341346153846156 0.23677884615384615 0.08533653846153846 0.0985576923076923
2 0.4831730769230769 0.23317307692307693 0.10576923076923077 0.09134615384615384
2 0.484375 0.3786057692307692 0.10576923076923077 0.18269230769230768
2 0.484375 0.515625 0.10576923076923077 0.06971153846153846
2 0.38221153846153844 0.38461538461538464 0.08052884615384616 0.18629807692307693
2 0.3581730769230769 0.5216346153846154 0.03245192307692308 0.056490384615384616
2 0.40384615384615385 0.5132211538461539 0.04447115384615385 0.07211538461538461
2 0.4026442307692308 0.6418269230769231 0.16346153846153846 0.16466346153846154
2 0.5132211538461539 0.6394230769230769 0.04927884615384615 0.1622596153846154
2 0.7127403846153846 0.2956730769230769 0.265625 0.21754807692307693
2 0.65625 0.484375 0.15985576923076922 0.1346153846153846
2 0.8521634615384616 0.6394230769230769 0.21394230769230768 0.16346153846153846
2 0.7644230769230769 0.484375 0.036057692307692304 0.13581730769230768
2 0.8185096153846154 0.4831730769230769 0.04927884615384615 0.13581730769230768
2 0.9026442307692307 0.36899038461538464 0.109375 0.3641826923076923
0 0.9086538461538461 0.5793269230769231 0.04326923076923077 0.06129807692307692
0 0.6514423076923077 0.3894230769230769 0.07091346153846154 0.056490384615384616
0 0.7572115384615384 0.3942307692307692 0.030048076923076924 0.046875
0 0.8088942307692307 0.3942307692307692 0.030048076923076924 0.04807692307692308
0 0.40865384615384615 0.3112980769230769 0.04326923076923077 0.05889423076923077
0 0.45072115384615385 0.3088942307692308 0.038461538461538464 0.04447115384615385
0 0.4699519230769231 0.49399038461538464 0.03365384615384615 0.06009615384615385
0 0.47115384615384615 0.6586538461538461 0.040865384615384616 0.055288461538461536
0 0.46153846153846156 0.5769230769230769 0.037259615384615384 0.057692307692307696
0 0.359375 0.5721153846153846 0.036057692307692304 0.056490384615384616
0 0.13581730769230768 0.3389423076923077 0.052884615384615384 0.04807692307692308
0 0.32091346153846156 0.33413461538461536 0.04807692307692308 0.056490384615384616
0 0.32211538461538464 0.39783653846153844 0.046875 0.055288461538461536
0 0.375 0.4675480769230769 0.05048076923076923 0.04567307692307692
1 0.15504807692307693 0.47836538461538464 0.010817307692307692 0.06850961538461539
1 0.15625 0.2800480769230769 0.010817307692307692 0.0673076923076923
1 0.5420673076923077 0.35697115384615385 0.008413461538461538 0.03485576923076923
1 0.5757211538461539 0.2956730769230769 0.008413461538461538 0.14302884615384615
1 0.5757211538461539 0.453125 0.006009615384615385 0.06610576923076923
1 0.5408653846153846 0.25961538461538464 0.007211538461538462 0.028846153846153848