2 0.13341346153846154 0.1658653846153846 0.1778846153846154 0.125
2 0.3004807692307692 0.13942307692307693 0.16105769230769232 0.18269230769230768
2 0.17427884615384615 0.3317307692307692 0.25961538461538464 0.16706730769230768
2 0.1310096153846154 0.6959134615384616 0.17548076923076922 0.5432692307692307
2 0.3137019230769231 0.7463942307692307 0.16947115384615385 0.2764423076923077
2 0.31971153846153844 0.40865384615384615 0.14423076923076922 0.33774038461538464
2 0.47475961538461536 0.34134615384615385 0.16947115384615385 0.44591346153846156
2 0.5012019230769231 0.734375 0.20793269230769232 0.3076923076923077
2 0.6442307692307693 0.5865384615384616 0.15384615384615385 0.3137019230769231
2 0.6670673076923077 0.7584134615384616 0.11538461538461539 0.1141826923076923
2 0.6706730769230769 0.8942307692307693 0.10576923076923077 0.11177884615384616
2 0.84375 0.6706730769230769 0.234375 0.4495192307692308
2 0.9014423076923077 0.26802884615384615 0.11298076923076923 0.3088942307692308
2 0.7451923076923077 0.2704326923076923 0.17908653846153846 0.3016826923076923
2 0.6033653846153846 0.21995192307692307 0.08413461538461539 0.19831730769230768
2 0.6057692307692307 0.3762019230769231 0.08533653846153846 0.10096153846153846
0 0.5384615384615384 0.2247596153846154 0.05048076923076923 0.06971153846153846
0 0.3449519230769231 0.19951923076923078 0.04567307692307692 0.07451923076923077
0 0.2439903846153846 0.18629807692307693 0.06009615384615385 0.0625
0 0.2848557692307692 0.3293269230769231 0.051682692307692304 0.06850961538461539
0 0.1778846153846154 0.28365384615384615 0.054086538461538464 0.06850961538461539
0 0.36538461538461536 0.5360576923076923 0.04447115384615385 0.07932692307692307
0 0.25240384615384615 0.7992788461538461 0.056490384615384616 0.06971153846153846
0 0.2824519230769231 0.9194711538461539 0.037259615384615384 0.08533653846153846
0 0.5348557692307693 0.47836538461538464 0.04927884615384615 0.07091346153846154
0 0.6081730769230769 0.46634615384615385 0.04807692307692308 0.07932692307692307
0 0.6814903846153846 0.4639423076923077 0.05048076923076923 0.08052884615384616
0 0.6887019230769231 0.7415865384615384 0.04447115384615385 0.06971153846153846
0 0.6899038461538461 0.8581730769230769 0.04447115384615385 0.08533653846153846
0 0.8725961538461539 0.4014423076923077 0.04567307692307692 0.07091346153846154
1 0.5144230769230769 0.8882211538461539 0.10096153846153846 0.03245192307692308
1 0.49038461538461536 0.10576923076923077 0.09975961538461539 0.03125
1 0.6021634615384616 0.10576923076923077 0.04807692307692308 0.016826923076923076
1 0.71875 0.11057692307692307 0.09735576923076923 0.020432692307692308
1 0.96875 0.27524038461538464 0.02283653846153846 0.12620192307692307
1 0.9675480769230769 0.6682692307692307 0.019230769230769232 0.2980769230769231