1 0.11057692307692307 0.1310096153846154 0.06009615384615385 0.10096153846153846
1 0.16346153846153846 0.2620192307692308 0.15865384615384615 0.14423076923076922
1 0.23076923076923078 0.4170673076923077 0.30288461538461536 0.1466346153846154
1 0.3137019230769231 0.28125 0.12860576923076922 0.10817307692307693
1 0.5024038461538461 0.3786057692307692 0.21634615384615385 0.2247596153846154
1 0.30649038461538464 0.14903846153846154 0.11057692307692307 0.13221153846153846
1 0.1971153846153846 0.1310096153846154 0.0985576923076923 0.10216346153846154
1 0.5336538461538461 0.17067307692307693 0.3173076923076923 0.18028846153846154
1 0.6923076923076923 0.3317307692307692 0.13822115384615385 0.1346153846153846
1 0.6694711538461539 0.4254807692307692 0.09615384615384616 0.042067307692307696
1 0.8293269230769231 0.41586538461538464 0.19591346153846154 0.15264423076923078
1 0.8221153846153846 0.29927884615384615 0.06971153846153846 0.07211538461538461
1 0.8918269230769231 0.3004807692307692 0.06370192307692307 0.07091346153846154
1 0.8100961538461539 0.16826923076923078 0.22596153846153846 0.17668269230769232
0 0.6225961538461539 0.08413461538461539 0.051682692307692304 0.06610576923076923
0 0.2644230769230769 0.13581730769230768 0.04326923076923077 0.03245192307692308
0 0.3112980769230769 0.23798076923076922 0.04567307692307692 0.042067307692307696
0 0.10576923076923077 0.20192307692307693 0.040865384615384616 0.039663461538461536
0 0.0625 0.3112980769230769 0.056490384615384616 0.042067307692307696
0 0.14543269230769232 0.32091346153846156 0.054086538461538464 0.046875
0 0.24158653846153846 0.31490384615384615 0.09735576923076923 0.037259615384615384
0 0.3293269230769231 0.32211538461538464 0.051682692307692304 0.051682692307692304
0 0.6346153846153846 0.31490384615384615 0.057692307692307696 0.040865384615384616
0 0.6766826923076923 0.3858173076923077 0.057692307692307696 0.04927884615384615
0 0.6742788461538461 0.46875 0.05889423076923077 0.055288461538461536
0 0.7536057692307693 0.35697115384615385 0.054086538461538464 0.039663461538461536
0 0.8930288461538461 0.3557692307692308 0.04447115384615385 0.04567307692307692
0 0.7680288461538461 0.30408653846153844 0.056490384615384616 0.036057692307692304
0 0.7572115384615384 0.2439903846153846 0.046875 0.04567307692307692
2 0.6875 0.765625 0.3293269230769231 0.3389423076923077
2 0.2980769230769231 0.8509615384615384 0.43509615384615385 0.17668269230769232
2 0.4206730769230769 0.6766826923076923 0.18509615384615385 0.16105769230769232
2 0.12139423076923077 0.6358173076923077 0.08052884615384616 0.07692307692307693
2 0.11899038461538461 0.7175480769230769 0.08052884615384616 0.07692307692307693
2 0.2439903846153846 0.6887019230769231 0.1502403846153846 0.12740384615384615
1 0.2776442307692308 0.49278846153846156 0.06490384615384616 0.009615384615384616
1 0.32572115384615385 0.49278846153846156 0.03485576923076923 0.004807692307692308
1 0.46274038461538464 0.49399038461538464 0.028846153846153848 0.008413461538461538
1 0.5204326923076923 0.49399038461538464 0.08052884615384616 0.007211538461538462
1 0.7944711538461539 0.49399038461538464 0.03245192307692308 0.009615384615384616
1 0.8449519230769231 0.49278846153846156 0.0625 0.009615384615384616
1 0.20673076923076922 0.078125 0.037259615384615384 0.007211538461538462
1 0.27884615384615385 0.08052884615384616 0.019230769230769232 0.009615384615384616
1 0.3161057692307692 0.07932692307692307 0.06009615384615385 0.009615384615384616
1 0.46634615384615385 0.08052884615384616 0.08533653846153846 0.009615384615384616
1 0.5444711538461539 0.07932692307692307 0.08533653846153846 0.01201923076923077
1 0.7932692307692307 0.07932692307692307 0.037259615384615384 0.01201923076923077
1 0.84375 0.07932692307692307 0.06129807692307692 0.01201923076923077
1 0.42788461538461536 0.5925480769230769 0.09134615384615384 0.009615384615384616
1 0.21995192307692307 0.9399038461538461 0.10096153846153846 0.006009615384615385
1 0.4723557692307692 0.9387019230769231 0.07932692307692307 0.010817307692307692
1 0.7079326923076923 0.9387019230769231 0.09975961538461539 0.009615384615384616
1 0.20432692307692307 0.6274038461538461 0.028846153846153848 0.010817307692307692
1 0.2932692307692308 0.6286057692307693 0.03485576923076923 0.003605769230769231
0 0.24519230769230768 0.6274038461538461 0.05889423076923077 0.10216346153846154
0 0.3112980769230769 0.6514423076923077 0.04927884615384615 0.03365384615384615
0 0.18028846153846154 0.6814903846153846 0.052884615384615384 0.07572115384615384
0 0.2091346153846154 0.7415865384615384 0.06490384615384616 0.054086538461538464
0 0.6081730769230769 0.5661057692307693 0.13701923076923078 0.057692307692307696
0 0.7608173076923077 0.5649038461538461 0.125 0.0625
0 0.4963942307692308 0.9170673076923077 0.05048076923076923 0.037259615384615384
0 0.6442307692307693 0.9146634615384616 0.051682692307692304 0.03245192307692308