2 0.5228365384615384 0.12259615384615384 0.7716346153846154 0.12620192307692307
2 0.29927884615384615 0.3870192307692308 0.3317307692307692 0.34615384615384615
2 0.6923076923076923 0.5324519230769231 0.4206730769230769 0.6442307692307693
2 0.2644230769230769 0.7992788461538461 0.22115384615384615 0.09375
2 0.30408653846153844 0.6550480769230769 0.3137019230769231 0.1814903846153846
0 0.5793269230769231 0.9074519230769231 0.14423076923076922 0.11177884615384616
0 0.5588942307692307 0.17307692307692307 0.13822115384615385 0.0829326923076923
0 0.41346153846153844 0.2608173076923077 0.14903846153846154 0.07572115384615384
0 0.4098557692307692 0.47475961538461536 0.1778846153846154 0.06850961538461539
0 0.296875 0.7199519230769231 0.15504807692307693 0.07692307692307693
0 0.5372596153846154 0.6598557692307693 0.13221153846153846 0.07211538461538461
1 0.2692307692307692 0.19831730769230768 0.22355769230769232 0.02283653846153846
1 0.7548076923076923 0.19591346153846154 0.22956730769230768 0.018028846153846152
1 0.31009615384615385 0.8762019230769231 0.05889423076923077 0.038461538461538464