2 0.10576923076923077 0.4266826923076923 0.13581730769230768 0.7211538461538461
2 0.4014423076923077 0.6766826923076923 0.4182692307692308 0.22596153846153846
2 0.44591346153846156 0.31850961538461536 0.5072115384615384 0.4735576923076923
2 0.8317307692307693 0.2668269230769231 0.24879807692307693 0.3545673076923077
2 0.8557692307692307 0.6382211538461539 0.203125 0.38461538461538464
2 0.6826923076923077 0.6394230769230769 0.14423076923076922 0.3894230769230769
0 0.6658653846153846 0.8413461538461539 0.06370192307692307 0.2439903846153846
0 0.6418269230769231 0.6225961538461539 0.06971153846153846 0.10697115384615384
0 0.7848557692307693 0.6057692307692307 0.08413461538461539 0.14543269230769232
0 0.734375 0.3786057692307692 0.07211538461538461 0.11778846153846154
0 0.3112980769230769 0.5060096153846154 0.05889423076923077 0.12980769230769232
0 0.15384615384615385 0.4807692307692308 0.0829326923076923 0.10817307692307693
0 0.15625 0.6298076923076923 0.078125 0.09615384615384616
0 0.3942307692307692 0.6237980769230769 0.05889423076923077 0.10336538461538461
1 0.4699519230769231 0.0673076923076923 0.03365384615384615 0.037259615384615384
1 0.5612980769230769 0.0673076923076923 0.1141826923076923 0.03485576923076923
1 0.65625 0.06610576923076923 0.038461538461538464 0.036057692307692304
1 0.9675480769230769 0.34615384615384615 0.021634615384615384 0.171875
1 0.9675480769230769 0.5612980769230769 0.021634615384615384 0.1814903846153846