2 0.43028846153846156 0.20793269230769232 0.13221153846153846 0.16105769230769232
2 0.5661057692307693 0.3088942307692308 0.1346153846153846 0.36538461538461536
2 0.5745192307692307 0.5516826923076923 0.11778846153846154 0.11658653846153846
2 0.41586538461538464 0.5372596153846154 0.10697115384615384 0.13942307692307693
2 0.4483173076923077 0.7512019230769231 0.16826923076923078 0.26802884615384615
2 0.515625 0.07572115384615384 0.23076923076923078 0.07932692307692307
2 0.42908653846153844 0.3762019230769231 0.13221153846153846 0.16706730769230768
0 0.48677884615384615 0.2644230769230769 0.036057692307692304 0.04447115384615385
0 0.5348557692307693 0.10817307692307693 0.04326923076923077 0.057692307692307696
0 0.5528846153846154 0.5192307692307693 0.03365384615384615 0.04567307692307692
0 0.5204326923076923 0.5673076923076923 0.039663461538461536 0.052884615384615384
0 0.484375 0.5180288461538461 0.03125 0.042067307692307696
0 0.5168269230769231 0.6358173076923077 0.03365384615384615 0.051682692307692304
0 0.5120192307692307 0.41225961538461536 0.03485576923076923 0.038461538461538464
0 0.42427884615384615 0.3918269230769231 0.03485576923076923 0.042067307692307696
1 0.4254807692307692 0.6129807692307693 0.05889423076923077 0.01201923076923077
1 0.5841346153846154 0.6129807692307693 0.04807692307692308 0.007211538461538462
1 0.5913461538461539 0.12620192307692307 0.04807692307692308 0.007211538461538462
1 0.4639423076923077 0.12620192307692307 0.06009615384615385 0.006009615384615385