2 0.17307692307692307 0.6105769230769231 0.09375 0.5096153846153846
2 0.4699519230769231 0.43990384615384615 0.46033653846153844 0.8197115384615384
2 0.8185096153846154 0.6682692307692307 0.21394230769230768 0.359375
2 0.8112980769230769 0.25240384615384615 0.23197115384615385 0.453125
0 0.6189903846153846 0.8653846153846154 0.04326923076923077 0.22235576923076922
0 0.2283653846153846 0.4206730769230769 0.11057692307692307 0.10336538461538461
0 0.5817307692307693 0.4026442307692308 0.051682692307692304 0.10697115384615384
0 0.7319711538461539 0.4254807692307692 0.0625 0.09254807692307693
0 0.7331730769230769 0.7980769230769231 0.06850961538461539 0.09615384615384616
1 0.9338942307692307 0.24759615384615385 0.013221153846153846 0.23557692307692307
1 0.9338942307692307 0.7139423076923077 0.014423076923076924 0.23076923076923078
1 0.2283653846153846 0.20072115384615385 0.018028846153846152 0.265625
1 0.22956730769230768 0.6694711538461539 0.018028846153846152 0.3545673076923077