2 0.4963942307692308 0.23076923076923078 0.8293269230769231 0.3329326923076923
2 0.22235576923076922 0.6153846153846154 0.27524038461538464 0.41947115384615385
2 0.39903846153846156 0.7776442307692307 0.0673076923076923 0.09014423076923077
2 0.4579326923076923 0.8930288461538461 0.19831730769230768 0.12379807692307693
2 0.6394230769230769 0.7379807692307693 0.16947115384615385 0.16826923076923078
2 0.8221153846153846 0.7379807692307693 0.17067307692307693 0.17067307692307693
2 0.49278846153846156 0.7788461538461539 0.09735576923076923 0.09134615384615384
2 0.45072115384615385 0.6514423076923077 0.18028846153846154 0.15144230769230768
2 0.43149038461538464 0.484375 0.13581730769230768 0.15625
2 0.5516826923076923 0.4831730769230769 0.08413461538461539 0.16706730769230768
2 0.6454326923076923 0.4483173076923077 0.08653846153846154 0.09375
2 0.6454326923076923 0.5372596153846154 0.08774038461538461 0.0625
2 0.8064903846153846 0.4831730769230769 0.20793269230769232 0.16466346153846154
2 0.6682692307692307 0.609375 0.24879807692307693 0.07211538461538461
1 0.15745192307692307 0.8293269230769231 0.08052884615384616 0.008413461538461538
1 0.31490384615384615 0.8293269230769231 0.036057692307692304 0.008413461538461538
1 0.6586538461538461 0.8317307692307693 0.09014423076923077 0.01201923076923077
1 0.8305288461538461 0.8293269230769231 0.08653846153846154 0.010817307692307692
1 0.8161057692307693 0.39783653846153844 0.07932692307692307 0.01201923076923077
1 0.6550480769230769 0.39903846153846156 0.037259615384615384 0.01201923076923077
1 0.5612980769230769 0.39663461538461536 0.03365384615384615 0.008413461538461538
1 0.125 0.40024038461538464 0.046875 0.014423076923076924
1 0.16947115384615385 0.40024038461538464 0.03245192307692308 0.014423076923076924
1 0.21514423076923078 0.4014423076923077 0.039663461538461536 0.010817307692307692
0 0.3112980769230769 0.3786057692307692 0.052884615384615384 0.057692307692307696
0 0.4326923076923077 0.38100961538461536 0.055288461538461536 0.051682692307692304
0 0.4326923076923077 0.5913461538461539 0.056490384615384616 0.06009615384615385
0 0.40625 0.7091346153846154 0.052884615384615384 0.056490384615384616
0 0.47836538461538464 0.8545673076923077 0.055288461538461536 0.054086538461538464
0 0.47836538461538464 0.7524038461538461 0.051682692307692304 0.0625
0 0.5588942307692307 0.5913461538461539 0.051682692307692304 0.057692307692307696
0 0.6646634615384616 0.5901442307692307 0.06850961538461539 0.046875
0 0.6622596153846154 0.6742788461538461 0.06490384615384616 0.06009615384615385
0 0.7644230769230769 0.6682692307692307 0.046875 0.054086538461538464
0 0.7668269230769231 0.5516826923076923 0.051682692307692304 0.051682692307692304
0 0.8161057692307693 0.5949519230769231 0.056490384615384616 0.040865384615384616