2 0.08413461538461539 0.057692307692307696 0.08653846153846154 0.08774038461538461
2 0.08533653846153846 0.14302884615384615 0.09134615384615384 0.054086538461538464
2 0.15745192307692307 0.29086538461538464 0.23076923076923078 0.21875
2 0.203125 0.09495192307692307 0.12980769230769232 0.15985576923076922
2 0.3425480769230769 0.12860576923076922 0.12740384615384615 0.22235576923076922
2 0.3954326923076923 0.3245192307692308 0.22956730769230768 0.15985576923076922
2 0.5600961538461539 0.12740384615384615 0.2956730769230769 0.234375
2 0.5973557692307693 0.2932692307692308 0.14423076923076922 0.22115384615384615
2 0.734375 0.3557692307692308 0.14302884615384615 0.34615384615384615
2 0.7019230769230769 0.5853365384615384 0.0733173076923077 0.10336538461538461
2 0.7043269230769231 0.6742788461538461 0.07692307692307693 0.05048076923076923
2 0.8233173076923077 0.7896634615384616 0.2980769230769231 0.28725961538461536
2 0.9242788461538461 0.65625 0.0889423076923077 0.09975961538461539
2 0.9278846153846154 0.5480769230769231 0.08413461538461539 0.0985576923076923
2 0.8100961538461539 0.5661057692307693 0.11778846153846154 0.14302884615384615
2 0.9050480769230769 0.4411057692307692 0.12980769230769232 0.08774038461538461
2 0.8894230769230769 0.28365384615384615 0.15745192307692307 0.20552884615384615
2 0.8509615384615384 0.09254807692307693 0.24519230769230768 0.16105769230769232
0 0.7235576923076923 0.9555288461538461 0.04447115384615385 0.04807692307692308
0 0.5697115384615384 0.42908653846153844 0.051682692307692304 0.056490384615384616
0 0.8245192307692307 0.31850961538461536 0.04807692307692308 0.04447115384615385
0 0.8629807692307693 0.1935096153846154 0.038461538461538464 0.042067307692307696
0 0.9002403846153846 0.3713942307692308 0.038461538461538464 0.04567307692307692
0 0.8617788461538461 0.5661057692307693 0.04807692307692308 0.03485576923076923
0 0.7367788461538461 0.5649038461538461 0.046875 0.037259615384615384
0 0.6838942307692307 0.6298076923076923 0.03485576923076923 0.039663461538461536
0 0.5288461538461539 0.3605769230769231 0.046875 0.037259615384615384
0 0.1502403846153846 0.06610576923076923 0.04927884615384615 0.036057692307692304
0 0.14903846153846154 0.13581730769230768 0.046875 0.026442307692307692
0 0.16466346153846154 0.15745192307692307 0.04567307692307692 0.04326923076923077
1 0.8677884615384616 0.9387019230769231 0.12259615384615384 0.018028846153846152
1 0.15144230769230768 0.40865384615384615 0.203125 0.015625
1 0.1935096153846154 0.01201923076923077 0.09014423076923077 0.01201923076923077
1 0.3425480769230769 0.01201923076923077 0.09975961538461539 0.007211538461538462
1 0.484375 0.010817307692307692 0.09254807692307693 0.015625
1 0.6382211538461539 0.014423076923076924 0.10336538461538461 0.008413461538461538