2 0.3557692307692308 0.10576923076923077 0.49399038461538464 0.1346153846153846
2 0.26322115384615385 0.3076923076923077 0.3137019230769231 0.21875
2 0.18870192307692307 0.4206730769230769 0.16346153846153846 0.06129807692307692
2 0.28365384615384615 0.5360576923076923 0.34134615384615385 0.22596153846153846
2 0.6129807692307693 0.4519230769230769 0.37740384615384615 0.5168269230769231
2 0.28365384615384615 0.7355769230769231 0.3545673076923077 0.15384615384615385
2 0.6526442307692307 0.7572115384615384 0.3629807692307692 0.09735576923076923
2 0.19591346153846154 0.8834134615384616 0.17067307692307693 0.1201923076923077
0 0.38221153846153844 0.35336538461538464 0.10697115384615384 0.054086538461538464
0 0.20673076923076922 0.36177884615384615 0.10817307692307693 0.0625
0 0.2283653846153846 0.5408653846153846 0.0985576923076923 0.04567307692307692
0 0.4963942307692308 0.4891826923076923 0.10096153846153846 0.046875
0 0.5024038461538461 0.6069711538461539 0.11298076923076923 0.04807692307692308
0 0.41225961538461536 0.7319711538461539 0.1141826923076923 0.04927884615384615
0 0.5228365384615384 0.8413461538461539 0.109375 0.06490384615384616
0 0.7487980769230769 0.8413461538461539 0.1045673076923077 0.0625
0 0.33413461538461536 0.8701923076923077 0.11778846153846154 0.042067307692307696
0 0.5324519230769231 0.15865384615384615 0.10697115384615384 0.055288461538461536
1 0.6983173076923077 0.18629807692307693 0.17668269230769232 0.016826923076923076
1 0.3473557692307692 0.18509615384615385 0.12139423076923077 0.019230769230769232
1 0.8389423076923077 0.2692307692307692 0.03365384615384615 0.10216346153846154
1 0.8401442307692307 0.4639423076923077 0.03245192307692308 0.08413461538461539