2 0.6983173076923077 0.1201923076923077 0.47475961538461536 0.14903846153846154
2 0.7824519230769231 0.32211538461538464 0.29927884615384615 0.22355769230769232
2 0.8605769230769231 0.4375 0.1658653846153846 0.06009615384615385
2 0.41466346153846156 0.4675480769230769 0.36538461538461536 0.515625
2 0.3112980769230769 0.7764423076923077 0.14302884615384615 0.09134615384615384
2 0.49038461538461536 0.7776442307692307 0.19951923076923078 0.10336538461538461
2 0.6069711538461539 0.8870192307692307 0.2824519230769231 0.09615384615384616
2 0.8521634615384616 0.9002403846153846 0.1622596153846154 0.12139423076923077
2 0.765625 0.7487980769230769 0.3317307692307692 0.14182692307692307
2 0.6838942307692307 0.6201923076923077 0.15865384615384615 0.09975961538461539
2 0.7740384615384616 0.5552884615384616 0.3401442307692308 0.23197115384615385
0 0.5276442307692307 0.18028846153846154 0.09495192307692307 0.057692307692307696
0 0.6682692307692307 0.3713942307692308 0.10817307692307693 0.054086538461538464
0 0.8389423076923077 0.38221153846153844 0.09254807692307693 0.0625
0 0.5516826923076923 0.5024038461538461 0.12139423076923077 0.04447115384615385
0 0.8233173076923077 0.5600961538461539 0.07692307692307693 0.046875
0 0.5564903846153846 0.6201923076923077 0.10216346153846154 0.055288461538461536
0 0.6394230769230769 0.75 0.10216346153846154 0.046875
0 0.7223557692307693 0.8882211538461539 0.11057692307692307 0.052884615384615384
0 0.5360576923076923 0.8509615384615384 0.09375 0.05889423076923077
0 0.3112980769230769 0.8509615384615384 0.10096153846153846 0.06009615384615385
1 0.22596153846153846 0.2860576923076923 0.037259615384615384 0.1045673076923077
1 0.2247596153846154 0.48197115384615385 0.04447115384615385 0.09134615384615384
1 0.36899038461538464 0.19951923076923078 0.18028846153846154 0.020432692307692308
1 0.7055288461538461 0.20432692307692307 0.11057692307692307 0.02403846153846154
1 0.6778846153846154 0.8329326923076923 0.11298076923076923 0.021634615384615384