2 0.4951923076923077 0.3641826923076923 0.3161057692307692 0.6274038461538461
2 0.3918269230769231 0.7367788461538461 0.12740384615384615 0.1045673076923077
2 0.5540865384615384 0.734375 0.18990384615384615 0.10216346153846154
2 0.8173076923076923 0.7007211538461539 0.296875 0.171875
2 0.8954326923076923 0.8798076923076923 0.1622596153846154 0.14543269230769232
2 0.8305288461538461 0.18629807692307693 0.2800480769230769 0.26802884615384615
2 0.8990384615384616 0.3245192307692308 0.1466346153846154 0.06370192307692307
2 0.8064903846153846 0.46274038461538464 0.3004807692307692 0.2668269230769231
2 0.18389423076923078 0.25240384615384615 0.23076923076923078 0.3473557692307692
2 0.6538461538461539 0.8677884615384616 0.27163461538461536 0.125
0 0.39663461538461536 0.8269230769230769 0.08052884615384616 0.06850961538461539
0 0.6009615384615384 0.8269230769230769 0.0889423076923077 0.0829326923076923
0 0.765625 0.8629807692307693 0.09134615384615384 0.051682692307692304
0 0.7007211538461539 0.6995192307692307 0.09615384615384616 0.0625
0 0.6201923076923077 0.5480769230769231 0.0889423076923077 0.05889423076923077
0 0.625 0.4050480769230769 0.09134615384615384 0.06490384615384616
0 0.7283653846153846 0.24639423076923078 0.09254807692307693 0.06370192307692307
0 0.8822115384615384 0.2548076923076923 0.08413461538461539 0.0673076923076923
0 0.2692307692307692 0.2776442307692308 0.11538461538461539 0.055288461538461536
0 0.8653846153846154 0.47115384615384615 0.07091346153846154 0.057692307692307696
1 0.3125 0.14302884615384615 0.036057692307692304 0.12620192307692307
1 0.3112980769230769 0.3737980769230769 0.040865384615384616 0.1045673076923077
1 0.44591346153846156 0.04447115384615385 0.16947115384615385 0.028846153846153848
1 0.7584134615384616 0.042067307692307696 0.10576923076923077 0.027644230769230768
1 0.7391826923076923 0.7980769230769231 0.11298076923076923 0.02403846153846154