2 0.32572115384615385 0.11298076923076923 0.5661057692307693 0.13701923076923078
2 0.2283653846153846 0.3088942307692308 0.35336538461538464 0.2247596153846154
2 0.6394230769230769 0.4543269230769231 0.4579326923076923 0.5120192307692307
2 0.3545673076923077 0.6057692307692307 0.18389423076923078 0.0985576923076923
2 0.14423076923076922 0.421875 0.19951923076923078 0.05889423076923077
2 0.2403846153846154 0.5408653846153846 0.3858173076923077 0.23677884615384615
2 0.2439903846153846 0.734375 0.3894230769230769 0.15144230769230768
2 0.14903846153846154 0.8846153846153846 0.21394230769230768 0.13221153846153846
2 0.5709134615384616 0.7548076923076923 0.23557692307692307 0.0985576923076923
2 0.78125 0.7632211538461539 0.15985576923076922 0.09735576923076923
2 0.4543269230769231 0.8701923076923077 0.36658653846153844 0.10697115384615384
0 0.30288461538461536 0.8701923076923077 0.12740384615384615 0.055288461538461536
0 0.5264423076923077 0.8389423076923077 0.11778846153846154 0.06850961538461539
0 0.7764423076923077 0.8353365384615384 0.10697115384615384 0.055288461538461536
0 0.39903846153846156 0.7331730769230769 0.12740384615384615 0.057692307692307696
0 0.4951923076923077 0.6081730769230769 0.12860576923076922 0.057692307692307696
0 0.49278846153846156 0.49158653846153844 0.12379807692307693 0.051682692307692304
0 0.3581730769230769 0.359375 0.10817307692307693 0.046875
0 0.15745192307692307 0.36658653846153844 0.125 0.056490384615384616
0 0.19110576923076922 0.5432692307692307 0.10576923076923077 0.04927884615384615
0 0.5288461538461539 0.15985576923076922 0.11538461538461539 0.04567307692307692
1 0.31850961538461536 0.18870192307692307 0.12980769230769232 0.013221153846153846
1 0.7139423076923077 0.19110576923076922 0.19951923076923078 0.015625
1 0.8870192307692307 0.2764423076923077 0.04567307692307692 0.0985576923076923
1 0.8846153846153846 0.4639423076923077 0.042067307692307696 0.08653846153846154
1 0.3449519230769231 0.8137019230769231 0.14423076923076922 0.015625