2 0.6838942307692307 0.12259615384615384 0.5961538461538461 0.14783653846153846
2 0.3269230769230769 0.4735576923076923 0.4387019230769231 0.5204326923076923
2 0.7596153846153846 0.7620192307692307 0.4050480769230769 0.15144230769230768
2 0.8737980769230769 0.9170673076923077 0.20192307692307693 0.1346153846153846
2 0.5528846153846154 0.9074519230769231 0.38341346153846156 0.10216346153846154
2 0.1971153846153846 0.7956730769230769 0.1622596153846154 0.09615384615384616
2 0.4254807692307692 0.7932692307692307 0.25721153846153844 0.09014423076923077
2 0.6634615384615384 0.6310096153846154 0.19591346153846154 0.09254807692307693
2 0.7692307692307693 0.5588942307692307 0.39903846153846156 0.23197115384615385
2 0.8725961538461539 0.4411057692307692 0.1875 0.057692307692307696
2 0.7560096153846154 0.3293269230769231 0.4110576923076923 0.234375
0 0.21394230769230768 0.8689903846153846 0.1045673076923077 0.06370192307692307
0 0.46634615384615385 0.8737980769230769 0.1045673076923077 0.06971153846153846
0 0.609375 0.7608173076923077 0.12259615384615384 0.055288461538461536
0 0.6995192307692307 0.9050480769230769 0.1310096153846154 0.055288461538461536
0 0.8293269230769231 0.5697115384615384 0.10817307692307693 0.04807692307692308
0 0.8605769230769231 0.38822115384615385 0.12740384615384615 0.06129807692307692
0 0.6502403846153846 0.3798076923076923 0.12980769230769232 0.05048076923076923
0 0.5048076923076923 0.5096153846153846 0.11778846153846154 0.051682692307692304
0 0.5096153846153846 0.6358173076923077 0.12620192307692307 0.054086538461538464
0 0.47596153846153844 0.17908653846153846 0.12379807692307693 0.06370192307692307
1 0.6550480769230769 0.8461538461538461 0.15144230769230768 0.018028846153846152
1 0.2692307692307692 0.20072115384615385 0.22956730769230768 0.026442307692307692
1 0.09495192307692307 0.28846153846153844 0.04326923076923077 0.10336538461538461
1 0.09495192307692307 0.4891826923076923 0.04567307692307692 0.09134615384615384
1 0.6875 0.203125 0.14543269230769232 0.020432692307692308
1 0.65625 0.8473557692307693 0.13581730769230768 0.016826923076923076