2 0.4891826923076923 0.11538461538461539 0.8557692307692307 0.1814903846153846
2 0.18509615384615385 0.41466346153846156 0.23557692307692307 0.3858173076923077
2 0.5793269230769231 0.53125 0.65625 0.609375
2 0.24278846153846154 0.7235576923076923 0.31971153846153844 0.21995192307692307
1 0.15625 0.8401442307692307 0.14302884615384615 0.020432692307692308
1 0.7716346153846154 0.8401442307692307 0.15384615384615385 0.016826923076923076
1 0.17427884615384615 0.21514423076923078 0.06370192307692307 0.028846153846153848
1 0.41225961538461536 0.21394230769230768 0.09975961538461539 0.019230769230769232
1 0.7019230769230769 0.21394230769230768 0.1045673076923077 0.02283653846153846
1 0.8112980769230769 0.21514423076923078 0.09615384615384616 0.026442307692307692
0 0.5420673076923077 0.18629807692307693 0.11658653846153846 0.0889423076923077
0 0.171875 0.33653846153846156 0.09254807692307693 0.057692307692307696
0 0.25721153846153844 0.3401442307692308 0.10216346153846154 0.056490384615384616
0 0.17908653846153846 0.46274038461538464 0.10336538461538461 0.06971153846153846
0 0.6286057692307693 0.6526442307692307 0.10216346153846154 0.06490384615384616
0 0.7896634615384616 0.6514423076923077 0.09014423076923077 0.05889423076923077
0 0.5420673076923077 0.5612980769230769 0.10336538461538461 0.06610576923076923
0 0.359375 0.6454326923076923 0.10576923076923077 0.0673076923076923
0 0.5336538461538461 0.7536057692307693 0.10216346153846154 0.07211538461538461
0 0.5336538461538461 0.8701923076923077 0.09735576923076923 0.07572115384615384
2 0.49038461538461536 0.9086538461538461 0.24519230769230768 0.10336538461538461