2 0.2536057692307692 0.1622596153846154 0.3713942307692308 0.25721153846153844
2 0.2608173076923077 0.44591346153846156 0.33653846153846156 0.2692307692307692
2 0.2644230769230769 0.7512019230769231 0.3389423076923077 0.3401442307692308
2 0.6923076923076923 0.24278846153846154 0.37259615384615385 0.0985576923076923
2 0.7019230769230769 0.6141826923076923 0.3449519230769231 0.6057692307692307
1 0.17668269230769232 0.30288461538461536 0.14543269230769232 0.019230769230769232
1 0.296875 0.30649038461538464 0.07211538461538461 0.020432692307692308
1 0.5180288461538461 0.39783653846153844 0.027644230769230768 0.12620192307692307
1 0.65625 0.30649038461538464 0.21754807692307693 0.016826923076923076
1 0.515625 0.5540865384615384 0.015625 0.036057692307692304
1 0.078125 0.5576923076923077 0.030048076923076924 0.03245192307692308
1 0.078125 0.8533653846153846 0.026442307692307692 0.11538461538461539
1 0.13581730769230768 0.9302884615384616 0.05048076923076923 0.016826923076923076
1 0.35216346153846156 0.9314903846153846 0.0733173076923077 0.019230769230769232
1 0.5709134615384616 0.9314903846153846 0.05048076923076923 0.014423076923076924
1 0.5180288461538461 0.8497596153846154 0.025240384615384616 0.109375
1 0.7427884615384616 0.9290865384615384 0.17307692307692307 0.015625
0 0.3713942307692308 0.2824519230769231 0.08052884615384616 0.055288461538461536
0 0.2127403846153846 0.5024038461538461 0.08173076923076923 0.06009615384615385
0 0.19471153846153846 0.5865384615384616 0.07091346153846154 0.042067307692307696
0 0.29447115384615385 0.5540865384615384 0.08533653846153846 0.05048076923076923
0 0.22115384615384615 0.6862980769230769 0.0673076923076923 0.052884615384615384
0 0.34615384615384615 0.6766826923076923 0.06850961538461539 0.057692307692307696
0 0.20793269230769232 0.8173076923076923 0.07572115384615384 0.055288461538461536
0 0.20793269230769232 0.9579326923076923 0.08173076923076923 0.06610576923076923
0 0.6466346153846154 0.7572115384615384 0.07692307692307693 0.125
0 0.8173076923076923 0.28365384615384615 0.08173076923076923 0.07091346153846154