2 0.24519230769230768 0.12860576923076922 0.38822115384615385 0.22716346153846154
2 0.7211538461538461 0.19591346153846154 0.39302884615384615 0.10817307692307693
2 0.15384615384615385 0.4026442307692308 0.19591346153846154 0.31009615384615385
2 0.1502403846153846 0.6923076923076923 0.17668269230769232 0.26802884615384615
2 0.13221153846153846 0.8725961538461539 0.14182692307692307 0.09254807692307693
2 0.24879807692307693 0.5889423076923077 0.3737980769230769 0.6598557692307693
0 0.2860576923076923 0.46634615384615385 0.0733173076923077 0.057692307692307696
2 0.7115384615384616 0.59375 0.359375 0.6622596153846154
2 0.6394230769230769 0.7079326923076923 0.19831730769230768 0.08533653846153846
2 0.6790865384615384 0.8365384615384616 0.28125 0.171875
2 0.33052884615384615 0.375 0.16466346153846154 0.23798076923076922
0 0.6009615384615384 0.22716346153846154 0.08413461538461539 0.06490384615384616
0 0.12620192307692307 0.2283653846153846 0.09615384615384616 0.06490384615384616
0 0.20432692307692307 0.5216346153846154 0.09615384615384616 0.06490384615384616
0 0.15625 0.6538461538461539 0.0733173076923077 0.05889423076923077
0 0.16105769230769232 0.796875 0.06971153846153846 0.056490384615384616
0 0.28365384615384615 0.671875 0.07572115384615384 0.05889423076923077
0 0.3088942307692308 0.5612980769230769 0.07572115384615384 0.052884615384615384
0 0.2980769230769231 0.8064903846153846 0.06610576923076923 0.054086538461538464
0 0.29927884615384615 0.9567307692307693 0.07692307692307693 0.06610576923076923
0 0.7680288461538461 0.7475961538461539 0.08533653846153846 0.12139423076923077
1 0.20192307692307693 0.24879807692307693 0.06610576923076923 0.016826923076923076
1 0.32211538461538464 0.25240384615384615 0.1502403846153846 0.013221153846153846
1 0.7632211538461539 0.25240384615384615 0.22596153846153846 0.020432692307692308
1 0.9086538461538461 0.359375 0.028846153846153848 0.13341346153846154
1 0.9086538461538461 0.5288461538461539 0.028846153846153848 0.037259615384615384
1 0.9074519230769231 0.8485576923076923 0.02403846153846154 0.13221153846153846
1 0.8509615384615384 0.9338942307692307 0.056490384615384616 0.025240384615384616
1 0.6706730769230769 0.9362980769230769 0.18389423076923078 0.02403846153846154
1 0.1466346153846154 0.9302884615384616 0.08533653846153846 0.020432692307692308
1 0.3786057692307692 0.9278846153846154 0.051682692307692304 0.021634615384615384