2 0.578125 0.2247596153846154 0.6358173076923077 0.33774038461538464
2 0.20072115384615385 0.21754807692307693 0.10216346153846154 0.37740384615384615
2 0.171875 0.6502403846153846 0.15745192307692307 0.37740384615384615
2 0.4014423076923077 0.5769230769230769 0.28365384615384615 0.18028846153846154
2 0.5817307692307693 0.5769230769230769 0.0673076923076923 0.18629807692307693
2 0.7596153846153846 0.5805288461538461 0.2800480769230769 0.18990384615384615
2 0.7788461538461539 0.7548076923076923 0.23798076923076922 0.15745192307692307
2 0.5336538461538461 0.7896634615384616 0.14302884615384615 0.0733173076923077
2 0.4375 0.7415865384615384 0.3485576923076923 0.16826923076923078
2 0.828125 0.9170673076923077 0.140625 0.12980769230769232
0 0.8545673076923077 0.8737980769230769 0.0625 0.08774038461538461
0 0.5276442307692307 0.8653846153846154 0.052884615384615384 0.07692307692307693
0 0.4387019230769231 0.7127403846153846 0.057692307692307696 0.07451923076923077
0 0.49278846153846156 0.6310096153846154 0.05048076923076923 0.07692307692307693
0 0.5276442307692307 0.7175480769230769 0.057692307692307696 0.0733173076923077
0 0.6322115384615384 0.7211538461538461 0.04807692307692308 0.06490384615384616
0 0.6838942307692307 0.7103365384615384 0.051682692307692304 0.07692307692307693
0 0.7776442307692307 0.5793269230769231 0.04807692307692308 0.05889423076923077
0 0.6442307692307693 0.5769230769230769 0.054086538461538464 0.06490384615384616
0 0.22596153846153846 0.5336538461538461 0.051682692307692304 0.07692307692307693
0 0.23677884615384615 0.109375 0.056490384615384616 0.07091346153846154
0 0.7259615384615384 0.2848557692307692 0.11298076923076923 0.078125
1 0.3557692307692308 0.8389423076923077 0.12740384615384615 0.021634615384615384
1 0.7932692307692307 0.8341346153846154 0.06370192307692307 0.028846153846153848
1 0.90625 0.7463942307692307 0.02283653846153846 0.125
1 0.9038461538461539 0.5721153846153846 0.025240384615384616 0.07692307692307693
1 0.9026442307692307 0.3581730769230769 0.016826923076923076 0.046875
1 0.9026442307692307 0.18990384615384615 0.02283653846153846 0.1622596153846154
1 0.8197115384615384 0.4110576923076923 0.12139423076923077 0.028846153846153848
1 0.5360576923076923 0.4074519230769231 0.036057692307692304 0.028846153846153848
1 0.3581730769230769 0.41225961538461536 0.12740384615384615 0.037259615384615384
1 0.45913461538461536 0.04567307692307692 0.039663461538461536 0.038461538461538464