2 0.2692307692307692 0.10576923076923077 0.41586538461538464 0.17668269230769232
2 0.7403846153846154 0.1346153846153846 0.4110576923076923 0.10697115384615384
2 0.7487980769230769 0.4495192307692308 0.36778846153846156 0.4951923076923077
2 0.8413461538461539 0.6598557692307693 0.20552884615384615 0.08653846153846154
2 0.6069711538461539 0.7319711538461539 0.08533653846153846 0.3125
2 0.7944711538461539 0.7896634615384616 0.28725961538461536 0.18990384615384615
2 0.17307692307692307 0.3269230769230769 0.17668269230769232 0.23798076923076922
2 0.36177884615384615 0.359375 0.18509615384615385 0.2956730769230769
2 0.2247596153846154 0.6237980769230769 0.09975961538461539 0.3485576923076923
2 0.36658653846153844 0.6177884615384616 0.1814903846153846 0.21153846153846154
2 0.37259615384615385 0.8040865384615384 0.18990384615384615 0.15144230769230768
2 0.12379807692307693 0.6298076923076923 0.08413461538461539 0.36658653846153844
2 0.18990384615384615 0.8365384615384616 0.2247596153846154 0.08413461538461539
2 0.20673076923076922 0.9314903846153846 0.23197115384615385 0.057692307692307696
1 0.06850961538461539 0.7764423076923077 0.03485576923076923 0.0733173076923077
1 0.07091346153846154 0.8389423076923077 0.030048076923076924 0.054086538461538464
1 0.07211538461538461 0.47836538461538464 0.025240384615384616 0.038461538461538464
1 0.18509615384615385 0.20072115384615385 0.15865384615384615 0.02403846153846154
1 0.30288461538461536 0.1971153846153846 0.07932692307692307 0.019230769230769232
1 0.7067307692307693 0.19591346153846154 0.2512019230769231 0.019230769230769232
1 0.5552884615384616 0.30528846153846156 0.03485576923076923 0.14182692307692307
1 0.5492788461538461 0.47836538461538464 0.026442307692307692 0.03245192307692308
1 0.5504807692307693 0.8016826923076923 0.03125 0.13581730769230768
1 0.6105769230769231 0.8930288461538461 0.057692307692307696 0.018028846153846152
1 0.8016826923076923 0.8930288461538461 0.19471153846153846 0.021634615384615384
1 0.3641826923076923 0.890625 0.08653846153846154 0.021634615384615384
1 0.1310096153846154 0.8918269230769231 0.052884615384615384 0.016826923076923076
0 0.8725961538461539 0.171875 0.08173076923076923 0.07932692307692307
0 0.3870192307692308 0.171875 0.07932692307692307 0.06610576923076923
0 0.22716346153846154 0.4182692307692308 0.07211538461538461 0.06370192307692307
0 0.203125 0.5168269230769231 0.078125 0.04807692307692308
0 0.3125 0.4807692307692308 0.09254807692307693 0.05889423076923077
0 0.234375 0.6262019230769231 0.07692307692307693 0.05889423076923077
0 0.3581730769230769 0.609375 0.078125 0.056490384615384616
0 0.21634615384615385 0.7668269230769231 0.07932692307692307 0.055288461538461536
0 0.3557692307692308 0.7512019230769231 0.07211538461538461 0.06009615384615385
0 0.20793269230769232 0.9194711538461539 0.08173076923076923 0.05889423076923077
0 0.6911057692307693 0.6971153846153846 0.07692307692307693 0.11658653846153846