2 0.13942307692307693 0.17427884615384615 0.19951923076923078 0.30288461538461536
2 0.2860576923076923 0.1346153846153846 0.0889423076923077 0.21875
2 0.5625 0.22355769230769232 0.4543269230769231 0.3942307692307692
2 0.2091346153846154 0.3762019230769231 0.33774038461538464 0.08653846153846154
2 0.8677884615384616 0.2247596153846154 0.11658653846153846 0.41947115384615385
2 0.8990384615384616 0.6850961538461539 0.1814903846153846 0.41947115384615385
2 0.6177884615384616 0.5805288461538461 0.33052884615384615 0.203125
2 0.24519230769230768 0.5841346153846154 0.41346153846153844 0.19230769230769232
2 0.3269230769230769 0.7367788461538461 0.3870192307692308 0.09254807692307693
2 0.6538461538461539 0.7800480769230769 0.2644230769230769 0.18870192307692307
2 0.08533653846153846 0.7872596153846154 0.10697115384615384 0.17307692307692307
2 0.31490384615384615 0.8341346153846154 0.4050480769230769 0.08173076923076923
1 0.7908653846153846 0.6370192307692307 0.018028846153846152 0.08413461538461539
1 0.7944711538461539 0.7704326923076923 0.02283653846153846 0.15745192307692307
1 0.025240384615384616 0.7788461538461539 0.02403846153846154 0.14423076923076922
1 0.027644230769230768 0.5757211538461539 0.013221153846153846 0.08173076923076923
1 0.027644230769230768 0.17307692307692307 0.016826923076923076 0.18870192307692307
1 0.027644230769230768 0.375 0.03245192307692308 0.078125
1 0.125 0.43028846153846156 0.14423076923076922 0.030048076923076924
1 0.4879807692307692 0.42908653846153844 0.051682692307692304 0.03125
1 0.6814903846153846 0.42908653846153844 0.14903846153846154 0.026442307692307692
1 0.7980769230769231 0.2704326923076923 0.016826923076923076 0.24639423076923078
1 0.11778846153846154 0.9435096153846154 0.16706730769230768 0.08533653846153846
0 0.08653846153846154 0.9242788461538461 0.06370192307692307 0.0985576923076923
0 0.16706730769230768 0.7403846153846154 0.0673076923076923 0.07692307692307693
0 0.32572115384615385 0.7235576923076923 0.06971153846153846 0.09735576923076923
0 0.4411057692307692 0.7463942307692307 0.057692307692307696 0.08052884615384616
0 0.5540865384615384 0.7283653846153846 0.06850961538461539 0.0733173076923077
0 0.4855769230769231 0.6430288461538461 0.06370192307692307 0.08653846153846154
0 0.33774038461538464 0.5889423076923077 0.07211538461538461 0.08653846153846154
0 0.17548076923076922 0.5877403846153846 0.055288461538461536 0.07211538461538461
0 0.2127403846153846 0.2848557692307692 0.06490384615384616 0.09375
0 0.2776442307692308 0.2860576923076923 0.06370192307692307 0.08413461538461539
0 0.8269230769230769 0.09975961538461539 0.0733173076923077 0.07572115384615384
0 0.8161057692307693 0.5516826923076923 0.07451923076923077 0.0889423076923077
1 0.15865384615384615 0.8858173076923077 0.0733173076923077 0.02403846153846154
1 0.484375 0.8846153846153846 0.036057692307692304 0.03485576923076923
1 0.796875 0.6346153846153846 0.018028846153846152 0.0733173076923077
1 0.7920673076923077 0.7644230769230769 0.021634615384615384 0.15865384615384615