2 0.1466346153846154 0.23918269230769232 0.22596153846153846 0.36658653846153844
2 0.4266826923076923 0.24519230769230768 0.31490384615384615 0.36899038461538464
2 0.7115384615384616 0.2439903846153846 0.234375 0.36658653846153844
2 0.11298076923076923 0.49759615384615385 0.15985576923076922 0.11298076923076923
2 0.125 0.6225961538461539 0.11778846153846154 0.10697115384615384
2 0.11177884615384616 0.7800480769230769 0.14903846153846154 0.17307692307692307
2 0.2860576923076923 0.6550480769230769 0.17908653846153846 0.41586538461538464
2 0.6069711538461539 0.6574519230769231 0.4423076923076923 0.4375
2 0.8978365384615384 0.6538461538461539 0.1141826923076923 0.42908653846153844
1 0.15384615384615385 0.05048076923076923 0.13942307692307693 0.026442307692307692
1 0.35336538461538464 0.055288461538461536 0.06850961538461539 0.020432692307692308
1 0.5144230769230769 0.055288461538461536 0.13341346153846154 0.021634615384615384
1 0.8353365384615384 0.25 0.01201923076923077 0.21634615384615385
1 0.8353365384615384 0.7163461538461539 0.014423076923076924 0.23798076923076922
0 0.22716346153846154 0.3942307692307692 0.05889423076923077 0.10096153846153846
0 0.3473557692307692 0.39783653846153844 0.06370192307692307 0.10336538461538461
0 0.6201923076923077 0.3737980769230769 0.08173076923076923 0.10336538461538461
0 0.40625 0.49278846153846156 0.06850961538461539 0.09375
0 0.8629807692307693 0.5420673076923077 0.0829326923076923 0.09975961538461539
0 0.21153846153846154 0.5168269230769231 0.057692307692307696 0.06610576923076923
0 0.2127403846153846 0.6141826923076923 0.06129807692307692 0.0889423076923077
0 0.21394230769230768 0.8197115384615384 0.07211538461538461 0.09375
0 0.2800480769230769 0.9146634615384616 0.06610576923076923 0.10697115384615384