2 0.5865384615384616 0.09014423076923077 0.7596153846153846 0.12139423076923077
2 0.5853365384615384 0.33413461538461536 0.7247596153846154 0.30528846153846156
2 0.8076923076923077 0.5709134615384616 0.31009615384615385 0.17307692307692307
2 0.7836538461538461 0.7740384615384616 0.34975961538461536 0.2091346153846154
2 0.08774038461538461 0.4050480769230769 0.17067307692307693 0.43028846153846156
2 0.09615384615384616 0.7475961538461539 0.18389423076923078 0.24759615384615385
2 0.42788461538461536 0.5721153846153846 0.43149038461538464 0.1778846153846154
2 0.40625 0.7776442307692307 0.38100961538461536 0.203125
0 0.36177884615384615 0.21153846153846154 0.23677884615384615 0.07091346153846154
0 0.7632211538461539 0.21875 0.1502403846153846 0.09254807692307693
0 0.46274038461538464 0.9471153846153846 0.1814903846153846 0.08533653846153846