2 0.27524038461538464 0.21875 0.40625 0.3858173076923077
2 0.6526442307692307 0.16105769230769232 0.3401442307692308 0.2704326923076923
2 0.8942307692307693 0.14903846153846154 0.1045673076923077 0.23918269230769232
2 0.765625 0.44591346153846156 0.3173076923076923 0.27283653846153844
2 0.5600961538461539 0.3641826923076923 0.09134615384615384 0.11658653846153846
2 0.27524038461538464 0.6274038461538461 0.41466346153846156 0.390625
2 0.5420673076923077 0.5048076923076923 0.13341346153846154 0.15504807692307693
2 0.3137019230769231 0.7259615384615384 0.1141826923076923 0.18269230769230768
0 0.5432692307692307 0.4567307692307692 0.055288461538461536 0.06850961538461539
0 0.5745192307692307 0.47716346153846156 0.07211538461538461 0.0985576923076923
0 0.8341346153846154 0.23076923076923078 0.15384615384615385 0.08653846153846154
0 0.5060096153846154 0.25841346153846156 0.07211538461538461 0.07572115384615384
0 0.39663461538461536 0.7211538461538461 0.06009615384615385 0.07091346153846154
0 0.4423076923076923 0.8233173076923077 0.08413461538461539 0.19591346153846154
1 0.057692307692307696 0.22235576923076922 0.025240384615384616 0.3173076923076923
1 0.056490384615384616 0.5276442307692307 0.019230769230769232 0.11057692307692307
1 0.14903846153846154 0.8305288461538461 0.0625 0.042067307692307696
1 0.9278846153846154 0.45913461538461536 0.021634615384615384 0.18269230769230768
1 0.8317307692307693 0.1045673076923077 0.014423076923076924 0.15504807692307693