2 0.16947115384615385 0.2536057692307692 0.18269230769230768 0.2932692307692308
2 0.38221153846153844 0.25 0.22355769230769232 0.29086538461538464
2 0.7836538461538461 0.2536057692307692 0.24519230769230768 0.2980769230769231
2 0.5769230769230769 0.2127403846153846 0.14182692307692307 0.21754807692307693
2 0.36899038461538464 0.5564903846153846 0.5673076923076923 0.2860576923076923
2 0.5757211538461539 0.3713942307692308 0.13581730769230768 0.09014423076923077
2 0.71875 0.5612980769230769 0.1141826923076923 0.2848557692307692
2 0.40384615384615385 0.8197115384615384 0.3317307692307692 0.2127403846153846
2 0.1502403846153846 0.8401442307692307 0.15264423076923078 0.2247596153846154
1 0.0673076923076923 0.59375 0.026442307692307692 0.22596153846153846
1 0.19591346153846154 0.09254807692307693 0.11658653846153846 0.028846153846153848
1 0.4326923076923077 0.0889423076923077 0.10576923076923077 0.027644230769230768
1 0.5528846153846154 0.09375 0.04567307692307692 0.030048076923076924
1 0.9134615384615384 0.3125 0.026442307692307692 0.1346153846153846
1 0.234375 0.7956730769230769 0.019230769230769232 0.10336538461538461
1 0.0673076923076923 0.5877403846153846 0.03485576923076923 0.21875
0 0.17908653846153846 0.7211538461538461 0.06370192307692307 0.12980769230769232
0 0.5348557692307693 0.7379807692307693 0.06129807692307692 0.08052884615384616
0 0.6177884615384616 0.6802884615384616 0.06370192307692307 0.07692307692307693
0 0.6262019230769231 0.6129807692307693 0.057692307692307696 0.05048076923076923
0 0.6826923076923077 0.5612980769230769 0.040865384615384616 0.05048076923076923
0 0.6802884615384616 0.36538461538461536 0.07692307692307693 0.07211538461538461
0 0.5576923076923077 0.3485576923076923 0.04567307692307692 0.054086538461538464
0 0.4675480769230769 0.36538461538461536 0.07572115384615384 0.06850961538461539
0 0.47716346153846156 0.19230769230769232 0.06370192307692307 0.057692307692307696