1 0.125 0.04447115384615385 0.08413461538461539 0.027644230769230768
1 0.390625 0.04447115384615385 0.1466346153846154 0.026442307692307692
1 0.6081730769230769 0.24158653846153846 0.1310096153846154 0.036057692307692304
2 0.3473557692307692 0.39302884615384615 0.28725961538461536 0.6370192307692307
2 0.6105769230769231 0.49278846153846156 0.2283653846153846 0.4519230769230769
2 0.6033653846153846 0.12980769230769232 0.21394230769230768 0.18269230769230768
2 0.12740384615384615 0.6887019230769231 0.13701923076923078 0.30528846153846156
2 0.12980769230769232 0.37740384615384615 0.14182692307692307 0.2848557692307692
2 0.12860576923076922 0.14903846153846154 0.1346153846153846 0.15264423076923078
0 0.12620192307692307 0.9014423076923077 0.09254807692307693 0.13701923076923078
0 0.15985576923076922 0.5709134615384616 0.06370192307692307 0.10697115384615384
0 0.15865384615384615 0.2800480769230769 0.0733173076923077 0.109375
0 0.5528846153846154 0.16466346153846154 0.109375 0.10336538461538461
0 0.5240384615384616 0.32211538461538464 0.08052884615384616 0.08533653846153846