2 0.7824519230769231 0.4230769230769231 0.33413461538461536 0.7403846153846154
2 0.9086538461538461 0.6009615384615384 0.08413461538461539 0.3954326923076923
2 0.2860576923076923 0.18870192307692307 0.4963942307692308 0.2608173076923077
2 0.45913461538461536 0.33052884615384615 0.1502403846153846 0.08052884615384616
2 0.20673076923076922 0.5600961538461539 0.3401442307692308 0.453125
2 0.45072115384615385 0.7079326923076923 0.15985576923076922 0.1658653846153846
2 0.3317307692307692 0.47716346153846156 0.08653846153846154 0.27403846153846156
0 0.41947115384615385 0.24158653846153846 0.06129807692307692 0.09615384615384616
0 0.3173076923076923 0.6670673076923077 0.06009615384615385 0.10576923076923077
0 0.5060096153846154 0.7548076923076923 0.052884615384615384 0.0733173076923077
0 0.5036057692307693 0.9038461538461539 0.056490384615384616 0.0889423076923077
0 0.9074519230769231 0.35336538461538464 0.06610576923076923 0.09254807692307693
1 0.24759615384615385 0.8028846153846154 0.109375 0.03485576923076923
1 0.41586538461538464 0.8004807692307693 0.06370192307692307 0.021634615384615384
1 0.7439903846153846 0.042067307692307696 0.04567307692307692 0.01201923076923077
1 0.7932692307692307 0.04447115384615385 0.042067307692307696 0.028846153846153848
1 0.8425480769230769 0.04447115384615385 0.04567307692307692 0.019230769230769232
1 0.25 0.04447115384615385 0.109375 0.03125