2 0.14783653846153846 0.07692307692307693 0.18269230769230768 0.11538461538461539
2 0.7788461538461539 0.24519230769230768 0.37740384615384615 0.4411057692307692
2 0.4206730769230769 0.38221153846153844 0.3125 0.16947115384615385
2 0.4074519230769231 0.15144230769230768 0.328125 0.24639423076923078
2 0.2956730769230769 0.2283653846153846 0.109375 0.0889423076923077
2 0.14783653846153846 0.20552884615384615 0.18990384615384615 0.1310096153846154
2 0.16706730769230768 0.6418269230769231 0.21754807692307693 0.24639423076923078
2 0.41466346153846156 0.8774038461538461 0.30408653846153844 0.17427884615384615
2 0.33533653846153844 0.5552884615384616 0.10697115384615384 0.0673076923076923
2 0.4362980769230769 0.5528846153846154 0.06370192307692307 0.0733173076923077
2 0.5204326923076923 0.5552884615384616 0.08774038461538461 0.06971153846153846
2 0.36778846153846156 0.6430288461538461 0.15745192307692307 0.0985576923076923
2 0.5144230769230769 0.6454326923076923 0.10216346153846154 0.09495192307692307
2 0.4579326923076923 0.7331730769230769 0.21394230769230768 0.06850961538461539
2 0.3161057692307692 0.7307692307692307 0.04927884615384615 0.0733173076923077
2 0.16346153846153846 0.6442307692307693 0.21033653846153846 0.23677884615384615
0 0.5745192307692307 0.12379807692307693 0.1310096153846154 0.046875
0 0.21514423076923078 0.11778846153846154 0.06009615384615385 0.027644230769230768
0 0.22115384615384615 0.1622596153846154 0.07211538461538461 0.03485576923076923
0 0.29447115384615385 0.1658653846153846 0.04326923076923077 0.025240384615384616
0 0.21875 0.24639423076923078 0.04807692307692308 0.030048076923076924
0 0.2536057692307692 0.6430288461538461 0.07692307692307693 0.08774038461538461
0 0.36899038461538464 0.6033653846153846 0.04927884615384615 0.04567307692307692
0 0.42427884615384615 0.6069711538461539 0.052884615384615384 0.03125
0 0.49158653846153844 0.6069711538461539 0.04326923076923077 0.03125
0 0.42788461538461536 0.6478365384615384 0.0625 0.026442307692307692
0 0.5144230769230769 0.7079326923076923 0.052884615384615384 0.04567307692307692
0 0.41586538461538464 0.7992788461538461 0.06610576923076923 0.052884615384615384
0 0.3161057692307692 0.7980769230769231 0.06009615384615385 0.051682692307692304
0 0.31490384615384615 0.7223557692307693 0.07091346153846154 0.04807692307692308
1 0.05048076923076923 0.09375 0.030048076923076924 0.04927884615384615
1 0.051682692307692304 0.19591346153846154 0.020432692307692308 0.06009615384615385
1 0.05048076923076923 0.5853365384615384 0.021634615384615384 0.040865384615384616
1 0.05048076923076923 0.6923076923076923 0.020432692307692308 0.052884615384615384
1 0.5853365384615384 0.0673076923076923 0.030048076923076924 0.0625
1 0.5817307692307693 0.19471153846153846 0.027644230769230768 0.10096153846153846