2 0.9194711538461539 0.2620192307692308 0.0985576923076923 0.39783653846153844
2 0.6574519230769231 0.2608173076923077 0.3954326923076923 0.39783653846153844
2 0.3798076923076923 0.17548076923076922 0.14302884615384615 0.22716346153846154
2 0.17067307692307693 0.2548076923076923 0.24158653846153846 0.3942307692307692
2 0.3641826923076923 0.5264423076923077 0.17067307692307693 0.44711538461538464
2 0.19110576923076922 0.609375 0.28125 0.28846153846153844
2 0.19230769230769232 0.8485576923076923 0.09975961538461539 0.17668269230769232
1 0.037259615384615384 0.27283653846153844 0.026442307692307692 0.21634615384615385
1 0.038461538461538464 0.5949519230769231 0.019230769230769232 0.16826923076923078
1 0.8617788461538461 0.1778846153846154 0.019230769230769232 0.20673076923076922
0 0.24639423076923078 0.40625 0.06610576923076923 0.07451923076923077
0 0.4110576923076923 0.3317307692307692 0.054086538461538464 0.10336538461538461
0 0.4795673076923077 0.4110576923076923 0.06610576923076923 0.07692307692307693
0 0.8882211538461539 0.39663461538461536 0.07211538461538461 0.08173076923076923
0 0.421875 0.8052884615384616 0.05889423076923077 0.11538461538461539
0 0.18028846153846154 0.7920673076923077 0.057692307692307696 0.07932692307692307