2 0.28846153846153844 0.26802884615384615 0.3918269230769231 0.24759615384615385
2 0.6947115384615384 0.24278846153846154 0.39903846153846156 0.19591346153846154
2 0.6418269230769231 0.08413461538461539 0.5132211538461539 0.11057692307692307
2 0.7896634615384616 0.39302884615384615 0.18509615384615385 0.09735576923076923
2 0.7896634615384616 0.5240384615384616 0.1935096153846154 0.14182692307692307
2 0.5817307692307693 0.41586538461538464 0.20192307692307693 0.14543269230769232
2 0.5829326923076923 0.5480769230769231 0.19591346153846154 0.08052884615384616
2 0.27163461538461536 0.4951923076923077 0.3605769230769231 0.18990384615384615
2 0.5384615384615384 0.6370192307692307 0.2860576923076923 0.0733173076923077
2 0.7704326923076923 0.8401442307692307 0.21153846153846154 0.12139423076923077
0 0.6225961538461539 0.8185096153846154 0.11057692307692307 0.04567307692307692
0 0.5504807692307693 0.5180288461538461 0.09975961538461539 0.06129807692307692
0 0.44471153846153844 0.45913461538461536 0.10096153846153846 0.042067307692307696
0 0.4182692307692308 0.14182692307692307 0.06850961538461539 0.07572115384615384
0 0.7451923076923077 0.46634615384615385 0.09254807692307693 0.04927884615384615
0 0.640625 0.47836538461538464 0.10096153846153846 0.03365384615384615
0 0.5612980769230769 0.6165865384615384 0.07692307692307693 0.054086538461538464
1 0.2536057692307692 0.5985576923076923 0.22596153846153846 0.018028846153846152
1 0.24519230769230768 0.13822115384615385 0.25961538461538464 0.01201923076923077
1 0.6598557692307693 0.14182692307692307 0.1971153846153846 0.015625
1 0.7463942307692307 0.5997596153846154 0.08173076923076923 0.013221153846153846
1 0.7079326923076923 0.90625 0.09014423076923077 0.01201923076923077