2 0.18269230769230768 0.47596153846153844 0.2848557692307692 0.6923076923076923
2 0.4110576923076923 0.38221153846153844 0.13581730769230768 0.5072115384615384
2 0.5997596153846154 0.38221153846153844 0.21153846153846154 0.5084134615384616
2 0.5204326923076923 0.7379807692307693 0.37740384615384615 0.17427884615384615
2 0.8389423076923077 0.21514423076923078 0.22115384615384615 0.17548076923076922
2 0.8365384615384616 0.5721153846153846 0.234375 0.4987980769230769
0 0.7920673076923077 0.32091346153846156 0.07211538461538461 0.2283653846153846
0 0.41947115384615385 0.6887019230769231 0.06850961538461539 0.1201923076923077
0 0.30528846153846156 0.7211538461538461 0.0985576923076923 0.12620192307692307
0 0.734375 0.7055288461538461 0.07572115384615384 0.10096153846153846
0 0.43509615384615385 0.25721153846153844 0.039663461538461536 0.08533653846153846
1 0.6201923076923077 0.1201923076923077 0.11298076923076923 0.03365384615384615
1 0.4098557692307692 0.1201923076923077 0.0985576923076923 0.03245192307692308
1 0.18269230769230768 0.12620192307692307 0.2091346153846154 0.039663461538461536