2 0.4987980769230769 0.10216346153846154 0.18389423076923078 0.15384615384615385
2 0.6766826923076923 0.11057692307692307 0.16706730769230768 0.17427884615384615
2 0.5877403846153846 0.22716346153846154 0.359375 0.08653846153846154
2 0.2932692307692308 0.515625 0.28365384615384615 0.2608173076923077
2 0.8233173076923077 0.3786057692307692 0.109375 0.15264423076923078
2 0.8329326923076923 0.5444711538461539 0.11538461538461539 0.17548076923076922
2 0.8449519230769231 0.7560096153846154 0.15144230769230768 0.2644230769230769
2 0.6478365384615384 0.8810096153846154 0.5336538461538461 0.10817307692307693
2 0.16466346153846154 0.7307692307692307 0.18509615384615385 0.1814903846153846
2 0.41586538461538464 0.7355769230769231 0.3245192307692308 0.16947115384615385
2 0.6730769230769231 0.7367788461538461 0.17548076923076922 0.1814903846153846
2 0.5084134615384616 0.5096153846153846 0.13701923076923078 0.25
2 0.6478365384615384 0.6057692307692307 0.12860576923076922 0.06850961538461539
2 0.7415865384615384 0.6057692307692307 0.06490384615384616 0.05889423076923077
2 0.6754807692307693 0.5300480769230769 0.19230769230769232 0.10096153846153846
2 0.6213942307692307 0.43509615384615385 0.09254807692307693 0.08413461538461539
2 0.7175480769230769 0.42908653846153844 0.09134615384615384 0.0889423076923077
0 0.4795673076923077 0.1622596153846154 0.04326923076923077 0.042067307692307696
1 0.49759615384615385 0.020432692307692308 0.1310096153846154 0.010817307692307692
1 0.6875 0.025240384615384616 0.09615384615384616 0.016826923076923076
1 0.9242788461538461 0.7608173076923077 0.014423076923076924 0.2247596153846154
1 0.19831730769230768 0.828125 0.07211538461538461 0.018028846153846152
1 0.32211538461538464 0.828125 0.06009615384615385 0.014423076923076924
1 0.49038461538461536 0.390625 0.0829326923076923 0.009615384615384616
1 0.5997596153846154 0.3858173076923077 0.021634615384615384 0.010817307692307692
1 0.15144230769230768 0.41346153846153844 0.016826923076923076 0.057692307692307696
0 0.6237980769230769 0.1814903846153846 0.06009615384615385 0.04326923076923077
0 0.6153846153846154 0.2247596153846154 0.06009615384615385 0.040865384615384616
0 0.41586538461538464 0.5588942307692307 0.046875 0.038461538461538464
0 0.5540865384615384 0.546875 0.054086538461538464 0.038461538461538464
0 0.6213942307692307 0.5649038461538461 0.038461538461538464 0.028846153846153848
0 0.6658653846153846 0.5625 0.04567307692307692 0.03365384615384615
0 0.6875 0.4543269230769231 0.04927884615384615 0.038461538461538464
0 0.6947115384615384 0.4951923076923077 0.046875 0.046875
0 0.8173076923076923 0.4735576923076923 0.046875 0.04447115384615385
0 0.7836538461538461 0.5408653846153846 0.04447115384615385 0.036057692307692304
0 0.7908653846153846 0.5961538461538461 0.054086538461538464 0.03485576923076923
0 0.8413461538461539 0.9122596153846154 0.12980769230769232 0.06490384615384616
0 0.42788461538461536 0.8461538461538461 0.06009615384615385 0.04807692307692308
0 0.5961538461538461 0.7019230769230769 0.04927884615384615 0.040865384615384616
0 0.546875 0.7367788461538461 0.04326923076923077 0.04326923076923077
0 0.4254807692307692 0.7716346153846154 0.06129807692307692 0.056490384615384616
0 0.14903846153846154 0.5649038461538461 0.09735576923076923 0.06490384615384616