2 0.22956730769230768 0.24278846153846154 0.2980769230769231 0.3737980769230769
2 0.5865384615384616 0.2403846153846154 0.41466346153846156 0.375
2 0.8846153846153846 0.2403846153846154 0.1141826923076923 0.3713942307692308
2 0.7740384615384616 0.5865384615384616 0.33052884615384615 0.29447115384615385
2 0.5504807692307693 0.5889423076923077 0.10216346153846154 0.29447115384615385
2 0.4387019230769231 0.6550480769230769 0.11177884615384616 0.44711538461538464
2 0.22716346153846154 0.7391826923076923 0.29447115384615385 0.2776442307692308
2 0.18028846153846154 0.5192307692307693 0.20552884615384615 0.15144230769230768
2 0.3401442307692308 0.5204326923076923 0.0673076923076923 0.16346153846153846
1 0.06490384615384616 0.2548076923076923 0.025240384615384616 0.3004807692307692
1 0.06490384615384616 0.5240384615384616 0.03245192307692308 0.06129807692307692
1 0.06490384615384616 0.7524038461538461 0.03245192307692308 0.15144230769230768
1 0.8125 0.24278846153846154 0.027644230769230768 0.36177884615384615
1 0.9507211538461539 0.5925480769230769 0.028846153846153848 0.18629807692307693
0 0.8425480769230769 0.375 0.09134615384615384 0.09735576923076923
0 0.34615384615384615 0.38822115384615385 0.09014423076923077 0.09495192307692307
0 0.15625 0.4014423076923077 0.06370192307692307 0.09495192307692307
0 0.41947115384615385 0.9338942307692307 0.07211538461538461 0.11298076923076923
0 0.39783653846153844 0.5649038461538461 0.055288461538461536 0.07091346153846154