2 0.5084134615384616 0.1045673076923077 0.7199519230769231 0.16706730769230768
2 0.21634615384615385 0.3269230769230769 0.13221153846153846 0.23557692307692307
2 0.578125 0.35697115384615385 0.5625 0.29927884615384615
2 0.6646634615384616 0.5528846153846154 0.13942307692307693 0.0829326923076923
2 0.7211538461538461 0.6706730769230769 0.26802884615384615 0.3088942307692308
2 0.5168269230769231 0.6658653846153846 0.14302884615384615 0.31971153846153844
2 0.36658653846153844 0.5709134615384616 0.13822115384615385 0.12860576923076922
2 0.21754807692307693 0.5432692307692307 0.1310096153846154 0.1814903846153846
2 0.296875 0.7355769230769231 0.2824519230769231 0.17908653846153846
2 0.49399038461538464 0.9050480769230769 0.11658653846153846 0.10576923076923077
2 0.6225961538461539 0.9098557692307693 0.10096153846153846 0.11538461538461539
1 0.40024038461538464 0.19831730769230768 0.14783653846153846 0.02403846153846154
1 0.6875 0.20432692307692307 0.12740384615384615 0.02403846153846154
1 0.8701923076923077 0.5588942307692307 0.030048076923076924 0.08653846153846154
1 0.7836538461538461 0.8341346153846154 0.11899038461538461 0.026442307692307692
1 0.23918269230769232 0.8377403846153846 0.12259615384615384 0.021634615384615384
1 0.5901442307692307 0.9747596153846154 0.03245192307692308 0.008413461538461538
0 0.2439903846153846 0.17427884615384615 0.07932692307692307 0.06850961538461539
0 0.5348557692307693 0.17307692307692307 0.08413461538461539 0.06490384615384616
0 0.4855769230769231 0.609375 0.08052884615384616 0.06129807692307692
0 0.6334134615384616 0.7127403846153846 0.0985576923076923 0.0625
0 0.6634615384615384 0.6201923076923077 0.06009615384615385 0.05048076923076923
0 0.49399038461538464 0.8629807692307693 0.08173076923076923 0.06971153846153846
0 0.5240384615384616 0.921875 0.0889423076923077 0.046875
0 0.24879807692307693 0.4182692307692308 0.07091346153846154 0.057692307692307696
0 0.3245192307692308 0.33413461538461536 0.09254807692307693 0.06490384615384616
0 0.24158653846153846 0.5108173076923077 0.08052884615384616 0.05889423076923077
0 0.4098557692307692 0.6826923076923077 0.08413461538461539 0.06490384615384616