2 0.09975961538461539 0.25721153846153844 0.16346153846153846 0.39903846153846156
2 0.33653846153846156 0.4266826923076923 0.29447115384615385 0.7331730769230769
2 0.14903846153846154 0.6466346153846154 0.08774038461538461 0.2860576923076923
1 0.10096153846153846 0.6262019230769231 0.010817307692307692 0.18629807692307693
1 0.9831730769230769 0.6165865384615384 0.014423076923076924 0.18028846153846154
1 0.984375 0.31850961538461536 0.019230769230769232 0.18389423076923078
2 0.5961538461538461 0.5384615384615384 0.21634615384615385 0.4831730769230769
2 0.8449519230769231 0.6274038461538461 0.2704326923076923 0.3401442307692308
2 0.8401442307692307 0.2512019230769231 0.27524038461538464 0.3701923076923077
2 0.6490384615384616 0.18629807692307693 0.10336538461538461 0.24519230769230768
2 0.5444711538461539 0.21514423076923078 0.10336538461538461 0.30649038461538464
0 0.6382211538461539 0.6826923076923077 0.0625 0.09615384615384616
0 0.65625 0.7956730769230769 0.06129807692307692 0.24278846153846154
0 0.7271634615384616 0.5120192307692307 0.07451923076923077 0.11057692307692307
0 0.7235576923076923 0.38341346153846156 0.07091346153846154 0.109375
0 0.6153846153846154 0.24158653846153846 0.056490384615384616 0.10216346153846154
0 0.640625 0.3605769230769231 0.05889423076923077 0.11899038461538461
0 0.17668269230769232 0.36899038461538464 0.12379807692307693 0.1201923076923077