2 0.4254807692307692 0.13822115384615385 0.4855769230769231 0.15625
2 0.07451923076923077 0.14182692307692307 0.1466346153846154 0.16105769230769232
2 0.3401442307692308 0.3954326923076923 0.3173076923076923 0.28365384615384615
2 0.7115384615384616 0.5504807692307693 0.4230769230769231 0.6021634615384616
2 0.36538461538461536 0.7331730769230769 0.4026442307692308 0.34975961538461536
2 0.07451923076923077 0.49158653846153844 0.14543269230769232 0.47475961538461536
2 0.06850961538461539 0.8341346153846154 0.13581730769230768 0.16706730769230768
1 0.05048076923076923 0.23798076923076922 0.0985576923076923 0.037259615384615384
1 0.33653846153846156 0.23677884615384615 0.1658653846153846 0.03485576923076923
0 0.5661057692307693 0.1971153846153846 0.12379807692307693 0.11177884615384616
0 0.4723557692307692 0.7115384615384616 0.125 0.1141826923076923
0 0.34134615384615385 0.6802884615384616 0.11298076923076923 0.0829326923076923
0 0.22596153846153846 0.9399038461538461 0.0733173076923077 0.09134615384615384
0 0.3389423076923077 0.9435096153846154 0.0673076923076923 0.055288461538461536
0 0.4639423076923077 0.9134615384615384 0.10697115384615384 0.17307692307692307
0 0.5853365384615384 0.9771634615384616 0.25841346153846156 0.04567307692307692
0 0.6826923076923077 0.984375 0.08173076923076923 0.03125
0 0.9122596153846154 0.9735576923076923 0.13221153846153846 0.052884615384615384
1 0.8257211538461539 0.24278846153846154 0.16826923076923078 0.03365384615384615