2 0.13341346153846154 0.39302884615384615 0.08653846153846154 0.34975961538461536
2 0.5528846153846154 0.3918269230769231 0.71875 0.35096153846153844
2 0.5588942307692307 0.2848557692307692 0.29447115384615385 0.3317307692307692
2 0.3137019230769231 0.7427884615384616 0.23677884615384615 0.31850961538461536
2 0.484375 0.6850961538461539 0.08774038461538461 0.20552884615384615
2 0.6778846153846154 0.7427884615384616 0.4735576923076923 0.3233173076923077
1 0.4831730769230769 0.1045673076923077 0.11298076923076923 0.028846153846153848
1 0.6165865384615384 0.10576923076923077 0.1310096153846154 0.030048076923076924
1 0.9194711538461539 0.39903846153846156 0.015625 0.25721153846153844
1 0.9194711538461539 0.7439903846153846 0.018028846153846152 0.21995192307692307
1 0.18629807692307693 0.7451923076923077 0.014423076923076924 0.20793269230769232
1 0.1875 0.34975961538461536 0.016826923076923076 0.21153846153846154
0 0.19831730769230768 0.4963942307692308 0.042067307692307696 0.08653846153846154
0 0.28725961538461536 0.5625 0.0889423076923077 0.0625
0 0.5408653846153846 0.6923076923076923 0.028846153846153848 0.08173076923076923
0 0.5420673076923077 0.8341346153846154 0.028846153846153848 0.0733173076923077
0 0.5673076923076923 0.9110576923076923 0.06971153846153846 0.10697115384615384
0 0.6622596153846154 0.6887019230769231 0.04567307692307692 0.04447115384615385
0 0.7199519230769231 0.6346153846153846 0.037259615384615384 0.09375
0 0.71875 0.5228365384615384 0.042067307692307696 0.08653846153846154