2 0.1346153846153846 0.30288461538461536 0.16947115384615385 0.16105769230769232
2 0.23076923076923078 0.25240384615384615 0.07091346153846154 0.06850961538461539
2 0.11538461538461539 0.47115384615384615 0.13221153846153846 0.15384615384615385
2 0.2283653846153846 0.4651442307692308 0.11298076923076923 0.1622596153846154
2 0.25961538461538464 0.3401442307692308 0.07211538461538461 0.09735576923076923
2 0.4206730769230769 0.25600961538461536 0.29927884615384615 0.31009615384615385
2 0.35096153846153844 0.46634615384615385 0.10817307692307693 0.08533653846153846
2 0.3641826923076923 0.5588942307692307 0.04807692307692308 0.0733173076923077
2 0.7175480769230769 0.1971153846153846 0.11658653846153846 0.18629807692307693
2 0.8016826923076923 0.15144230769230768 0.054086538461538464 0.10096153846153846
2 0.8016826923076923 0.25240384615384615 0.046875 0.09134615384615384
2 0.8954326923076923 0.25841346153846156 0.12620192307692307 0.30649038461538464
2 0.6899038461538461 0.32091346153846156 0.15745192307692307 0.052884615384615384
2 0.7512019230769231 0.3557692307692308 0.15745192307692307 0.11538461538461539
2 0.5084134615384616 0.65625 0.140625 0.16466346153846154
2 0.5012019230769231 0.8197115384615384 0.1310096153846154 0.1502403846153846
2 0.5516826923076923 0.8521634615384616 0.040865384615384616 0.0829326923076923
2 0.6225961538461539 0.8197115384615384 0.10336538461538461 0.15384615384615385
2 0.6298076923076923 0.6983173076923077 0.09735576923076923 0.07692307692307693
2 0.6189903846153846 0.6021634615384616 0.07451923076923077 0.06610576923076923
2 0.7163461538461539 0.6057692307692307 0.11298076923076923 0.30649038461538464
2 0.8677884615384616 0.5456730769230769 0.18389423076923078 0.19591346153846154
2 0.8245192307692307 0.5841346153846154 0.08774038461538461 0.10096153846153846
2 0.8329326923076923 0.7055288461538461 0.1201923076923077 0.11298076923076923
2 0.9254807692307693 0.7091346153846154 0.07091346153846154 0.11538461538461539
1 0.04326923076923077 0.3088942307692308 0.014423076923076924 0.06370192307692307
1 0.04326923076923077 0.4483173076923077 0.014423076923076924 0.0625
1 0.10697115384615384 0.5504807692307693 0.04927884615384615 0.018028846153846152
1 0.22716346153846154 0.5504807692307693 0.057692307692307696 0.03125
1 0.38341346153846156 0.0985576923076923 0.055288461538461536 0.015625
1 0.5168269230769231 0.0733173076923077 0.06129807692307692 0.016826923076923076
1 0.5769230769230769 0.2127403846153846 0.008413461538461538 0.08413461538461539
1 0.578125 0.3485576923076923 0.004807692307692308 0.054086538461538464
1 0.45552884615384615 0.41947115384615385 0.04567307692307692 0.016826923076923076
1 0.15985576923076922 0.21634615384615385 0.04326923076923077 0.013221153846153846
1 0.21634615384615385 0.21875 0.020432692307692308 0.019230769230769232
1 0.65625 0.13701923076923078 0.009615384615384616 0.03365384615384615
1 0.6574519230769231 0.2668269230769231 0.010817307692307692 0.02283653846153846
1 0.9627403846153846 0.25841346153846156 0.014423076923076924 0.17668269230769232
1 0.9026442307692307 0.0985576923076923 0.054086538461538464 0.019230769230769232
1 0.9651442307692307 0.5661057692307693 0.015625 0.06971153846153846
1 0.9663461538461539 0.7067307692307693 0.010817307692307692 0.06610576923076923
1 0.4326923076923077 0.6850961538461539 0.013221153846153846 0.0673076923076923
1 0.43149038461538464 0.8257211538461539 0.014423076923076924 0.04567307692307692
0 0.3329326923076923 0.09615384615384616 0.039663461538461536 0.10096153846153846
0 0.20552884615384615 0.31009615384615385 0.025240384615384616 0.040865384615384616
0 0.296875 0.31850961538461536 0.025240384615384616 0.03365384615384615
0 0.14783653846153846 0.4074519230769231 0.03125 0.04927884615384615
0 0.19831730769230768 0.40625 0.03365384615384615 0.046875
0 0.36778846153846156 0.5372596153846154 0.03245192307692308 0.051682692307692304
0 0.7247596153846154 0.12139423076923077 0.04807692307692308 0.046875
0 0.8449519230769231 0.15745192307692307 0.03485576923076923 0.037259615384615384
0 0.7596153846153846 0.2512019230769231 0.028846153846153848 0.039663461538461536
0 0.7560096153846154 0.3112980769230769 0.03245192307692308 0.04567307692307692
0 0.7367788461538461 0.3557692307692308 0.028846153846153848 0.038461538461538464
0 0.8473557692307693 0.3641826923076923 0.037259615384615384 0.040865384615384616
0 0.8846153846153846 0.5877403846153846 0.038461538461538464 0.027644230769230768
0 0.7620192307692307 0.7103365384615384 0.03125 0.03485576923076923
0 0.875 0.7415865384615384 0.039663461538461536 0.03125
0 0.5637019230769231 0.6887019230769231 0.04447115384615385 0.038461538461538464
0 0.6141826923076923 0.6670673076923077 0.026442307692307692 0.04567307692307692
0 0.5985576923076923 0.7608173076923077 0.028846153846153848 0.04326923076923077
0 0.45913461538461536 0.7620192307692307 0.03365384615384615 0.039663461538461536
0 0.4182692307692308 0.7848557692307693 0.036057692307692304 0.04807692307692308
0 0.515625 0.8473557692307693 0.03245192307692308 0.03365384615384615