2 0.1466346153846154 0.21875 0.25841346153846156 0.3918269230769231
2 0.3786057692307692 0.21754807692307693 0.18870192307692307 0.3918269230769231
2 0.08052884615384616 0.5240384615384616 0.12860576923076922 0.19831730769230768
2 0.18509615384615385 0.5745192307692307 0.06971153846153846 0.3137019230769231
2 0.0829326923076923 0.6814903846153846 0.12259615384615384 0.09495192307692307
2 0.34975961538461536 0.578125 0.24879807692307693 0.3076923076923077
2 0.21514423076923078 0.8353365384615384 0.1201923076923077 0.20072115384615385
2 0.5733173076923077 0.06490384615384616 0.10817307692307693 0.09615384615384616
2 0.5709134615384616 0.23918269230769232 0.10096153846153846 0.23557692307692307
2 0.5709134615384616 0.44591346153846156 0.09975961538461539 0.14423076923076922
2 0.5733173076923077 0.6370192307692307 0.10096153846153846 0.20432692307692307
2 0.7007211538461539 0.06370192307692307 0.1466346153846154 0.08774038461538461
2 0.7019230769230769 0.36538461538461536 0.14423076923076922 0.4831730769230769
2 0.703125 0.6730769230769231 0.1466346153846154 0.13221153846153846
2 0.8786057692307693 0.3798076923076923 0.18629807692307693 0.7223557692307693
1 0.9735576923076923 0.3076923076923077 0.007211538461538462 0.13341346153846154
1 0.9735576923076923 0.4483173076923077 0.010817307692307692 0.12740384615384615
1 0.7259615384615384 0.7487980769230769 0.09615384615384616 0.015625
1 0.3858173076923077 0.7403846153846154 0.0829326923076923 0.02283653846153846
1 0.4795673076923077 0.5552884615384616 0.01201923076923077 0.09615384615384616
1 0.37740384615384615 0.016826923076923076 0.07572115384615384 0.013221153846153846
1 0.140625 0.019230769230769232 0.08413461538461539 0.015625
1 0.018028846153846152 0.49278846153846156 0.013221153846153846 0.08052884615384616
1 0.14783653846153846 0.8786057692307693 0.008413461538461538 0.038461538461538464
1 0.27524038461538464 0.9122596153846154 0.008413461538461538 0.04447115384615385
0 0.18389423076923078 0.7740384615384616 0.056490384615384616 0.09375
0 0.16826923076923078 0.5264423076923077 0.054086538461538464 0.07451923076923077
0 0.25600961538461536 0.1466346153846154 0.057692307692307696 0.08533653846153846
0 0.5901442307692307 0.34615384615384615 0.03125 0.06009615384615385
0 0.6454326923076923 0.28725961538461536 0.04326923076923077 0.06610576923076923
0 0.6935096153846154 0.6502403846153846 0.052884615384615384 0.078125
0 0.7487980769230769 0.5588942307692307 0.0673076923076923 0.10817307692307693
0 0.18990384615384615 0.96875 0.06009615384615385 0.0625