2 0.203125 0.12139423076923077 0.24519230769230768 0.10336538461538461
2 0.14903846153846154 0.3076923076923077 0.14423076923076922 0.21754807692307693
2 0.4326923076923077 0.3137019230769231 0.4098557692307692 0.23197115384615385
2 0.19471153846153846 0.49278846153846156 0.21634615384615385 0.12379807692307693
2 0.36177884615384615 0.49759615384615385 0.11538461538461539 0.13341346153846154
2 0.5456730769230769 0.5480769230769231 0.21754807692307693 0.23918269230769232
2 0.8052884615384616 0.24759615384615385 0.24759615384615385 0.11658653846153846
1 0.15384615384615385 0.18870192307692307 0.08774038461538461 0.02403846153846154
1 0.2764423076923077 0.19110576923076922 0.0673076923076923 0.027644230769230768
1 0.41346153846153844 0.18990384615384615 0.1346153846153846 0.030048076923076924
1 0.5649038461538461 0.19471153846153846 0.1310096153846154 0.03485576923076923
1 0.6706730769230769 0.43149038461538464 0.03125 0.0625
1 0.6706730769230769 0.5625 0.037259615384615384 0.1141826923076923
0 0.34615384615384615 0.5901442307692307 0.07932692307692307 0.0829326923076923
0 0.1971153846153846 0.3605769230769231 0.06971153846153846 0.06009615384615385
0 0.3269230769230769 0.4831730769230769 0.06129807692307692 0.06129807692307692
0 0.6995192307692307 0.2512019230769231 0.06850961538461539 0.052884615384615384
0 0.5060096153846154 0.45072115384615385 0.057692307692307696 0.052884615384615384