2 0.21634615384615385 0.25721153846153844 0.3317307692307692 0.39903846153846156
2 0.21875 0.6237980769230769 0.3269230769230769 0.29927884615384615
2 0.4699519230769231 0.6274038461538461 0.14783653846153846 0.30649038461538464
2 0.6225961538461539 0.25841346153846156 0.45072115384615385 0.3954326923076923
2 0.9134615384615384 0.25961538461538464 0.10216346153846154 0.4014423076923077
2 0.8197115384615384 0.7127403846153846 0.27884615384615385 0.4699519230769231
2 0.5853365384615384 0.8221153846153846 0.16947115384615385 0.23557692307692307
2 0.6117788461538461 0.5913461538461539 0.109375 0.22716346153846154
1 0.042067307692307696 0.6634615384615384 0.019230769230769232 0.17548076923076922
1 0.04567307692307692 0.31850961538461536 0.016826923076923076 0.1310096153846154
1 0.9651442307692307 0.765625 0.018028846153846152 0.16947115384615385
1 0.8581730769230769 0.27403846153846156 0.014423076923076924 0.11778846153846154
0 0.8557692307692307 0.3918269230769231 0.14423076923076922 0.12139423076923077
0 0.6959134615384616 0.5853365384615384 0.06971153846153846 0.07692307692307693
0 0.5276442307692307 0.5913461538461539 0.06370192307692307 0.09014423076923077
0 0.3629807692307692 0.6502403846153846 0.07451923076923077 0.09615384615384616
0 0.3605769230769231 0.41586538461538464 0.08413461538461539 0.09014423076923077
0 0.5192307692307693 0.7644230769230769 0.06370192307692307 0.09134615384615384
0 0.44471153846153844 0.7908653846153846 0.07692307692307693 0.23677884615384615