2 0.15625 0.21754807692307693 0.2283653846153846 0.21995192307692307
2 0.15745192307692307 0.41466346153846156 0.2247596153846154 0.15625
2 0.31490384615384615 0.19591346153846154 0.07572115384615384 0.15985576923076922
2 0.31009615384615385 0.35216346153846156 0.06850961538461539 0.09615384615384616
2 0.31490384615384615 0.453125 0.07572115384615384 0.07451923076923077
2 0.40384615384615385 0.39783653846153844 0.09014423076923077 0.18870192307692307
2 0.40865384615384615 0.203125 0.09254807692307693 0.18629807692307693
2 0.5288461538461539 0.21875 0.1310096153846154 0.20793269230769232
2 0.49759615384615385 0.38221153846153844 0.07451923076923077 0.09495192307692307
2 0.5 0.4735576923076923 0.07572115384615384 0.06370192307692307
2 0.6490384615384616 0.4387019230769231 0.19831730769230768 0.2091346153846154
2 0.6454326923076923 0.7163461538461539 0.19110576923076922 0.34615384615384615
2 0.8425480769230769 0.7884615384615384 0.16706730769230768 0.21394230769230768
2 0.8413461538461539 0.5588942307692307 0.17908653846153846 0.23557692307692307
2 0.7824519230769231 0.3786057692307692 0.06850961538461539 0.09615384615384616
2 0.8473557692307693 0.2247596153846154 0.1778846153846154 0.20793269230769232
2 0.8485576923076923 0.38221153846153844 0.04927884615384615 0.08533653846153846
2 0.90625 0.3870192307692308 0.04447115384615385 0.0889423076923077
2 0.6875 0.22235576923076922 0.11177884615384616 0.21514423076923078
1 0.1875 0.5012019230769231 0.10336538461538461 0.018028846153846152
1 0.4098557692307692 0.5060096153846154 0.056490384615384616 0.027644230769230768
1 0.3269230769230769 0.11057692307692307 0.054086538461538464 0.009615384615384616
1 0.3870192307692308 0.1141826923076923 0.055288461538461536 0.01201923076923077
1 0.5396634615384616 0.1141826923076923 0.08413461538461539 0.02283653846153846
1 0.6826923076923077 0.11538461538461539 0.08653846153846154 0.015625
1 0.8305288461538461 0.11298076923076923 0.0829326923076923 0.006009615384615385
1 0.9350961538461539 0.5348557692307693 0.01201923076923077 0.12980769230769232
1 0.9314903846153846 0.7451923076923077 0.014423076923076924 0.11538461538461539
1 0.5396634615384616 0.7139423076923077 0.009615384615384616 0.25
0 0.11177884615384616 0.5240384615384616 0.039663461538461536 0.06370192307692307
0 0.3737980769230769 0.2512019230769231 0.042067307692307696 0.03125
0 0.38341346153846156 0.32091346153846156 0.03365384615384615 0.054086538461538464
0 0.3737980769230769 0.3798076923076923 0.039663461538461536 0.04447115384615385
0 0.3701923076923077 0.4411057692307692 0.036057692307692304 0.04807692307692308
0 0.47475961538461536 0.3641826923076923 0.04447115384615385 0.05889423076923077
0 0.5288461538461539 0.3701923076923077 0.052884615384615384 0.06129807692307692
0 0.4879807692307692 0.4639423076923077 0.04447115384615385 0.06971153846153846
0 0.5793269230769231 0.3088942307692308 0.040865384615384616 0.078125
0 0.6538461538461539 0.30649038461538464 0.03365384615384615 0.07932692307692307
0 0.6141826923076923 0.35216346153846156 0.019230769230769232 0.02403846153846154
0 0.6526442307692307 0.41466346153846156 0.025240384615384616 0.051682692307692304
0 0.8016826923076923 0.3112980769230769 0.037259615384615384 0.057692307692307696
0 0.8137019230769231 0.3762019230769231 0.036057692307692304 0.04326923076923077
0 0.9014423076923077 0.4579326923076923 0.036057692307692304 0.056490384615384616
0 0.8064903846153846 0.4675480769230769 0.03485576923076923 0.07091346153846154
0 0.765625 0.7127403846153846 0.042067307692307696 0.05048076923076923
0 0.9110576923076923 0.6502403846153846 0.03245192307692308 0.0673076923076923