2 0.2824519230769231 0.17668269230769232 0.40024038461538464 0.2608173076923077
2 0.5516826923076923 0.11658653846153846 0.14182692307692307 0.14543269230769232
2 0.7247596153846154 0.16947115384615385 0.203125 0.24759615384615385
2 0.7211538461538461 0.43149038461538464 0.20192307692307693 0.2548076923076923
2 0.7223557692307693 0.6935096153846154 0.20192307692307693 0.24759615384615385
2 0.09375 0.43509615384615385 0.08774038461538461 0.2247596153846154
2 0.3233173076923077 0.43509615384615385 0.34975961538461536 0.25
2 0.34975961538461536 0.6262019230769231 0.09014423076923077 0.11658653846153846
2 0.5036057692307693 0.625 0.21634615384615385 0.1201923076923077
2 0.5444711538461539 0.3858173076923077 0.1310096153846154 0.37259615384615385
1 0.1971153846153846 0.039663461538461536 0.11899038461538461 0.013221153846153846
1 0.3870192307692308 0.040865384615384616 0.12980769230769232 0.020432692307692308
1 0.5408653846153846 0.042067307692307696 0.06009615384615385 0.01201923076923077
1 0.8353365384615384 0.16826923076923078 0.015625 0.14302884615384615
1 0.828125 0.4375 0.013221153846153846 0.14182692307692307
1 0.8305288461538461 0.6983173076923077 0.018028846153846152 0.1346153846153846
1 0.14903846153846154 0.46033653846153844 0.014423076923076924 0.15504807692307693
1 0.04567307692307692 0.4266826923076923 0.01201923076923077 0.20673076923076922
1 0.056490384615384616 0.5504807692307693 0.018028846153846152 0.010817307692307692
1 0.06009615384615385 0.3161057692307692 0.008413461538461538 0.006009615384615385
0 0.25841346153846156 0.2704326923076923 0.055288461538461536 0.07692307692307693
0 0.14302884615384615 0.35216346153846156 0.109375 0.052884615384615384
0 0.4074519230769231 0.6045673076923077 0.04807692307692308 0.042067307692307696
0 0.44711538461538464 0.6862980769230769 0.06850961538461539 0.1310096153846154
0 0.6382211538461539 0.6033653846153846 0.06009615384615385 0.06610576923076923
0 0.6418269230769231 0.5012019230769231 0.06129807692307692 0.06971153846153846
0 0.6394230769230769 0.23677884615384615 0.06971153846153846 0.0673076923076923
0 0.546875 0.20673076923076922 0.046875 0.06129807692307692
0 0.49399038461538464 0.21995192307692307 0.055288461538461536 0.054086538461538464