2 0.7512019230769231 0.14903846153846154 0.43509615384615385 0.171875
2 0.8942307692307693 0.37740384615384615 0.1466346153846154 0.26322115384615385
2 0.9134615384615384 0.5877403846153846 0.08533653846153846 0.12259615384615384
2 0.8966346153846154 0.765625 0.13581730769230768 0.20192307692307693
2 0.75 0.7632211538461539 0.1310096153846154 0.20072115384615385
2 0.6045673076923077 0.9122596153846154 0.14182692307692307 0.0829326923076923
2 0.6021634615384616 0.7524038461538461 0.14783653846153846 0.21754807692307693
2 0.6514423076923077 0.7115384615384616 0.04447115384615385 0.11899038461538461
2 0.6574519230769231 0.8185096153846154 0.04567307692307692 0.06850961538461539
2 0.6959134615384616 0.4483173076923077 0.3245192307692308 0.40384615384615385
2 0.4098557692307692 0.40625 0.12379807692307693 0.3329326923076923
2 0.4266826923076923 0.5060096153846154 0.08533653846153846 0.12860576923076922
2 0.4110576923076923 0.7211538461538461 0.12740384615384615 0.27884615384615385
2 0.27163461538461536 0.7560096153846154 0.13942307692307693 0.21995192307692307
2 0.18870192307692307 0.375 0.2920673076923077 0.2644230769230769
2 0.24158653846153846 0.5841346153846154 0.19471153846153846 0.10697115384615384
2 0.08533653846153846 0.5769230769230769 0.09014423076923077 0.10216346153846154
2 0.055288461538461536 0.671875 0.03365384615384615 0.06129807692307692
2 0.10576923076923077 0.6742788461538461 0.04807692307692308 0.06490384615384616
2 0.11538461538461539 0.7536057692307693 0.15144230769230768 0.21514423076923078
1 0.1201923076923077 0.2403846153846154 0.13942307692307693 0.013221153846153846
1 0.27163461538461536 0.23557692307692307 0.12259615384615384 0.010817307692307692
1 0.4110576923076923 0.23918269230769232 0.10576923076923077 0.016826923076923076
1 0.5865384615384616 0.23918269230769232 0.0985576923076923 0.026442307692307692
1 0.7451923076923077 0.23798076923076922 0.1502403846153846 0.008413461538461538
1 0.8918269230769231 0.23918269230769232 0.14302884615384615 0.01201923076923077
1 0.9735576923076923 0.31850961538461536 0.01201923076923077 0.1045673076923077
1 0.9735576923076923 0.4495192307692308 0.010817307692307692 0.11658653846153846
1 0.9711538461538461 0.5360576923076923 0.006009615384615385 0.020432692307692308
1 0.9735576923076923 0.7716346153846154 0.010817307692307692 0.17908653846153846
1 0.8942307692307693 0.8701923076923077 0.12620192307692307 0.008413461538461538
1 0.7487980769230769 0.8701923076923077 0.125 0.014423076923076924
1 0.5745192307692307 0.8665865384615384 0.0889423076923077 0.016826923076923076
1 0.40865384615384615 0.8677884615384616 0.1201923076923077 0.009615384615384616
1 0.27403846153846156 0.8701923076923077 0.11658653846153846 0.014423076923076924
1 0.0625 0.8677884615384616 0.036057692307692304 0.014423076923076924
0 0.6574519230769231 0.8882211538461539 0.036057692307692304 0.06850961538461539
0 0.6550480769230769 0.7980769230769231 0.03485576923076923 0.05889423076923077
0 0.796875 0.6826923076923077 0.03485576923076923 0.06370192307692307
0 0.8425480769230769 0.6814903846153846 0.030048076923076924 0.052884615384615384
0 0.8497596153846154 0.6262019230769231 0.040865384615384616 0.04927884615384615
0 0.8449519230769231 0.5012019230769231 0.03245192307692308 0.05889423076923077
0 0.6550480769230769 0.21875 0.037259615384615384 0.057692307692307696
0 0.3317307692307692 0.28365384615384615 0.039663461538461536 0.04567307692307692
0 0.16706730769230768 0.5348557692307693 0.03245192307692308 0.056490384615384616
0 0.15384615384615385 0.5528846153846154 0.04567307692307692 0.057692307692307696
0 0.33052884615384615 0.6045673076923077 0.03245192307692308 0.038461538461538464
0 0.36658653846153844 0.4723557692307692 0.03125 0.04567307692307692
0 0.21634615384615385 0.6610576923076923 0.03365384615384615 0.055288461538461536
0 0.17067307692307693 0.6598557692307693 0.03245192307692308 0.0625
0 0.14423076923076922 0.6802884615384616 0.025240384615384616 0.04567307692307692
0 0.05889423076923077 0.71875 0.02283653846153846 0.042067307692307696