2 0.31009615384615385 0.15384615384615385 0.40384615384615385 0.140625
2 0.30649038461538464 0.42427884615384615 0.38341346153846156 0.38221153846153844
2 0.4266826923076923 0.5432692307692307 0.14423076923076922 0.1346153846153846
2 0.2920673076923077 0.7992788461538461 0.36177884615384615 0.36177884615384615
2 0.40865384615384615 0.8569711538461539 0.12980769230769232 0.2283653846153846
2 0.6298076923076923 0.5456730769230769 0.18870192307692307 0.140625
2 0.7752403846153846 0.5528846153846154 0.09014423076923077 0.11298076923076923
2 0.8774038461538461 0.5372596153846154 0.10576923076923077 0.14423076923076922
2 0.7295673076923077 0.4495192307692308 0.17307692307692307 0.11658653846153846
2 0.8786057692307693 0.4254807692307692 0.12259615384615384 0.06971153846153846
2 0.5901442307692307 0.42788461538461536 0.10216346153846154 0.08774038461538461
2 0.6346153846153846 0.30288461538461536 0.18509615384615385 0.1466346153846154
2 0.828125 0.3076923076923077 0.21394230769230768 0.16466346153846154
2 0.8245192307692307 0.19230769230769232 0.21033653846153846 0.06971153846153846
1 0.20552884615384615 0.2283653846153846 0.16466346153846154 0.015625
1 0.4338942307692308 0.22716346153846154 0.1141826923076923 0.019230769230769232
1 0.109375 0.3137019230769231 0.010817307692307692 0.07211538461538461
1 0.11177884615384616 0.42788461538461536 0.02283653846153846 0.055288461538461536
1 0.171875 0.6177884615384616 0.08774038461538461 0.018028846153846152
1 0.6442307692307693 0.6165865384615384 0.11778846153846154 0.01201923076923077
1 0.7896634615384616 0.6189903846153846 0.037259615384615384 0.009615384615384616
1 0.8677884615384616 0.6213942307692307 0.08533653846153846 0.01201923076923077
1 0.8653846153846154 0.2283653846153846 0.11658653846153846 0.015625
1 0.6454326923076923 0.23076923076923078 0.14423076923076922 0.018028846153846152
0 0.7788461538461539 0.375 0.051682692307692304 0.042067307692307696
0 0.7560096153846154 0.21514423076923078 0.042067307692307696 0.051682692307692304
0 0.31971153846153844 0.21514423076923078 0.04326923076923077 0.038461538461538464
0 0.33052884615384615 0.5120192307692307 0.052884615384615384 0.03245192307692308
0 0.3713942307692308 0.4495192307692308 0.055288461538461536 0.03245192307692308
0 0.3401442307692308 0.5709134615384616 0.05048076923076923 0.036057692307692304
0 0.31009615384615385 0.6334134615384616 0.06490384615384616 0.04567307692307692
0 0.3786057692307692 0.7043269230769231 0.056490384615384616 0.03485576923076923
0 0.6201923076923077 0.4543269230769231 0.04927884615384615 0.039663461538461536
0 0.7079326923076923 0.4963942307692308 0.028846153846153848 0.04326923076923077
0 0.765625 0.5024038461538461 0.04326923076923077 0.04447115384615385
0 0.8425480769230769 0.49038461538461536 0.055288461538461536 0.03245192307692308
0 0.4362980769230769 0.5528846153846154 0.054086538461538464 0.039663461538461536