2 0.11658653846153846 0.31850961538461536 0.09254807692307693 0.49759615384615385
2 0.1201923076923077 0.6622596153846154 0.08413461538461539 0.15264423076923078
2 0.3557692307692308 0.25600961538461536 0.36778846153846156 0.3581730769230769
2 0.4579326923076923 0.5865384615384616 0.1658653846153846 0.296875
2 0.3076923076923077 0.5925480769230769 0.1045673076923077 0.28966346153846156
2 0.2127403846153846 0.6334134615384616 0.08052884615384616 0.2091346153846154
2 0.21153846153846154 0.4735576923076923 0.07451923076923077 0.08052884615384616
2 0.6670673076923077 0.25240384615384615 0.1814903846153846 0.3629807692307692
2 0.6682692307692307 0.48197115384615385 0.18870192307692307 0.10336538461538461
2 0.6658653846153846 0.6358173076923077 0.1778846153846154 0.18990384615384615
2 0.7920673076923077 0.4831730769230769 0.057692307692307696 0.078125
2 0.8509615384615384 0.5913461538461539 0.17548076923076922 0.29447115384615385
2 0.8521634615384616 0.25841346153846156 0.17427884615384615 0.35697115384615385
1 0.9387019230769231 0.18870192307692307 0.009615384615384616 0.19110576923076922
1 0.9435096153846154 0.5576923076923077 0.009615384615384616 0.17908653846153846
1 0.5420673076923077 0.17668269230769232 0.009615384615384616 0.18028846153846154
1 0.16706730769230768 0.203125 0.010817307692307692 0.18509615384615385
0 0.2704326923076923 0.5889423076923077 0.040865384615384616 0.06490384615384616
0 0.12860576923076922 0.5552884615384616 0.046875 0.09014423076923077
0 0.1502403846153846 0.3545673076923077 0.051682692307692304 0.08413461538461539
0 0.38100961538461536 0.5697115384615384 0.051682692307692304 0.078125
0 0.390625 0.7403846153846154 0.039663461538461536 0.15625
0 0.7920673076923077 0.40865384615384615 0.039663461538461536 0.08653846153846154
0 0.7908653846153846 0.5673076923076923 0.042067307692307696 0.09014423076923077
0 0.7716346153846154 0.6310096153846154 0.04326923076923077 0.08173076923076923