2 0.5733173076923077 0.2439903846153846 0.6742788461538461 0.15504807692307693
2 0.7415865384615384 0.4675480769230769 0.34375 0.265625
2 0.33774038461538464 0.5673076923076923 0.4567307692307692 0.4651442307692308
2 0.578125 0.7572115384615384 0.23197115384615385 0.28125
2 0.2860576923076923 0.8581730769230769 0.3605769230769231 0.13581730769230768
1 0.6742788461538461 0.32211538461538464 0.15865384615384615 0.021634615384615384
1 0.3125 0.3245192307692308 0.15144230769230768 0.019230769230769232
0 0.3485576923076923 0.9519230769230769 0.15384615384615385 0.08052884615384616
0 0.3942307692307692 0.8269230769230769 0.12379807692307693 0.055288461538461536
0 0.6165865384615384 0.5372596153846154 0.12620192307692307 0.0625
0 0.5180288461538461 0.7295673076923077 0.140625 0.06850961538461539
0 0.4879807692307692 0.2920673076923077 0.12379807692307693 0.09014423076923077