2 0.4795673076923077 0.13942307692307693 0.33774038461538464 0.08653846153846154
2 0.3016826923076923 0.49759615384615385 0.5060096153846154 0.6225961538461539
2 0.6153846153846154 0.49759615384615385 0.13341346153846154 0.5997596153846154
2 0.8461538461538461 0.5997596153846154 0.26802884615384615 0.4567307692307692
2 0.8389423076923077 0.26802884615384615 0.2620192307692308 0.15504807692307693
2 0.44591346153846156 0.9014423076923077 0.4411057692307692 0.140625
0 0.46033653846153844 0.15625 0.06370192307692307 0.07451923076923077
0 0.6165865384615384 0.1622596153846154 0.07932692307692307 0.0889423076923077
0 0.7608173076923077 0.38822115384615385 0.06009615384615385 0.07451923076923077
0 0.32211538461538464 0.5132211538461539 0.08052884615384616 0.0673076923076923
0 0.19110576923076922 0.6081730769230769 0.0733173076923077 0.05889423076923077
0 0.3798076923076923 0.5889423076923077 0.06370192307692307 0.05889423076923077
0 0.4891826923076923 0.5745192307692307 0.04326923076923077 0.04807692307692308
0 0.5949519230769231 0.5240384615384616 0.06490384615384616 0.07451923076923077
0 0.5252403846153846 0.23798076923076922 0.08533653846153846 0.078125
0 0.59375 0.6586538461538461 0.0733173076923077 0.06971153846153846
0 0.26802884615384615 0.84375 0.07211538461538461 0.078125
1 0.43990384615384615 0.8257211538461539 0.1141826923076923 0.03125
1 0.609375 0.8161057692307693 0.038461538461538464 0.015625
1 0.1466346153846154 0.8221153846153846 0.07451923076923077 0.02403846153846154
1 0.18509615384615385 0.1814903846153846 0.18629807692307693 0.018028846153846152
1 0.3629807692307692 0.18509615384615385 0.09615384615384616 0.019230769230769232
1 0.8293269230769231 0.17548076923076922 0.06850961538461539 0.020432692307692308