2 0.5108173076923077 0.1466346153846154 0.42427884615384615 0.27163461538461536
2 0.33774038461538464 0.5240384615384616 0.5673076923076923 0.40865384615384615
2 0.796875 0.5204326923076923 0.3245192307692308 0.4074519230769231
2 0.8581730769230769 0.8209134615384616 0.21153846153846154 0.16826923076923078
2 0.578125 0.8245192307692307 0.3389423076923077 0.17067307692307693
2 0.2247596153846154 0.8233173076923077 0.3425480769230769 0.17548076923076922
0 0.5288461538461539 0.30408653846153844 0.15865384615384615 0.16346153846153846
0 0.35336538461538464 0.8341346153846154 0.11177884615384616 0.07091346153846154
0 0.21514423076923078 0.9158653846153846 0.12860576923076922 0.15865384615384615
0 0.703125 0.7704326923076923 0.09975961538461539 0.05889423076923077
1 0.17307692307692307 0.30528846153846156 0.15504807692307693 0.025240384615384616
1 0.3942307692307692 0.30528846153846156 0.15504807692307693 0.03125
1 0.8521634615384616 0.3016826923076923 0.16706730769230768 0.03245192307692308