2 0.5192307692307693 0.15264423076923078 0.7475961538461539 0.14903846153846154
2 0.5300480769230769 0.28846153846153844 0.71875 0.11177884615384616
2 0.5132211538461539 0.49278846153846156 0.7055288461538461 0.2704326923076923
2 0.265625 0.6802884615384616 0.203125 0.15384615384615385
2 0.2620192307692308 0.8064903846153846 0.2091346153846154 0.08653846153846154
2 0.7175480769230769 0.7403846153846154 0.27283653846153844 0.21394230769230768
2 0.4675480769230769 0.8233173076923077 0.18509615384615385 0.054086538461538464
2 0.47115384615384615 0.7079326923076923 0.1778846153846154 0.15264423076923078
0 0.5408653846153846 0.38100961538461536 0.109375 0.07572115384615384
0 0.4170673076923077 0.6935096153846154 0.09735576923076923 0.055288461538461536
0 0.44591346153846156 0.7632211538461539 0.08774038461538461 0.05889423076923077
0 0.640625 0.6586538461538461 0.09014423076923077 0.06490384615384616
0 0.30288461538461536 0.7379807692307693 0.08653846153846154 0.06009615384615385
0 0.4375 0.8858173076923077 0.09014423076923077 0.07211538461538461
1 0.35216346153846156 0.35336538461538464 0.1814903846153846 0.020432692307692308
1 0.6995192307692307 0.35336538461538464 0.171875 0.020432692307692308
1 0.6790865384615384 0.8605769230769231 0.16706730769230768 0.03125
1 0.31490384615384615 0.8569711538461539 0.06490384615384616 0.020432692307692308
1 0.8786057692307693 0.5492788461538461 0.040865384615384616 0.040865384615384616