2 0.1971153846153846 0.15865384615384615 0.17067307692307693 0.2692307692307692
2 0.375 0.3389423076923077 0.16947115384615385 0.6382211538461539
2 0.5264423076923077 0.21514423076923078 0.11658653846153846 0.3942307692307692
2 0.4206730769230769 0.7379807692307693 0.07692307692307693 0.14543269230769232
2 0.3317307692307692 0.7391826923076923 0.08653846153846154 0.1346153846153846
2 0.19951923076923078 0.5516826923076923 0.17067307692307693 0.49158653846153844
2 0.20793269230769232 0.8858173076923077 0.18629807692307693 0.1346153846153846
2 0.06490384615384616 0.7548076923076923 0.08653846153846154 0.3942307692307692
2 0.7151442307692307 0.15504807692307693 0.17067307692307693 0.265625
2 0.8942307692307693 0.21153846153846154 0.16947115384615385 0.3762019230769231
2 0.8978365384615384 0.5997596153846154 0.16826923076923078 0.39663461538461536
2 0.7151442307692307 0.43509615384615385 0.16826923076923078 0.26322115384615385
2 0.7151442307692307 0.6887019230769231 0.17067307692307693 0.22235576923076922
1 0.11057692307692307 0.15625 0.007211538461538462 0.0733173076923077
1 0.4651442307692308 0.15144230769230768 0.01201923076923077 0.15625
1 0.46274038461538464 0.5048076923076923 0.007211538461538462 0.15865384615384615
1 0.4651442307692308 0.6971153846153846 0.006009615384615385 0.04807692307692308
1 0.32572115384615385 0.8137019230769231 0.025240384615384616 0.015625
1 0.1658653846153846 0.8125 0.038461538461538464 0.021634615384615384
1 0.016826923076923076 0.859375 0.009615384615384616 0.052884615384615384
1 0.6778846153846154 0.8100961538461539 0.036057692307692304 0.018028846153846152
1 0.8569711538461539 0.8088942307692307 0.038461538461538464 0.015625
1 0.984375 0.6394230769230769 0.008413461538461538 0.05889423076923077
1 0.984375 0.5096153846153846 0.010817307692307692 0.06490384615384616
1 0.984375 0.3329326923076923 0.01201923076923077 0.046875
1 0.9831730769230769 0.18990384615384615 0.01201923076923077 0.1622596153846154
1 0.6298076923076923 0.15745192307692307 0.01201923076923077 0.07572115384615384
1 0.6310096153846154 0.34975961538461536 0.01201923076923077 0.0673076923076923
1 0.6274038461538461 0.6490384615384616 0.008413461538461538 0.07932692307692307
0 0.2620192307692308 0.27403846153846156 0.04567307692307692 0.09615384615384616
0 0.4807692307692308 0.27524038461538464 0.05048076923076923 0.078125
0 0.3629807692307692 0.7728365384615384 0.042067307692307696 0.06129807692307692
0 0.265625 0.7644230769230769 0.04927884615384615 0.06971153846153846
0 0.2283653846153846 0.3894230769230769 0.042067307692307696 0.07211538461538461
0 0.24639423076923078 0.8401442307692307 0.038461538461538464 0.09615384615384616
0 0.2091346153846154 0.5576923076923077 0.04927884615384615 0.07091346153846154
0 0.12379807692307693 0.8918269230769231 0.04567307692307692 0.0673076923076923
0 0.7800480769230769 0.27403846153846156 0.040865384615384616 0.09014423076923077
0 0.8209134615384616 0.359375 0.051682692307692304 0.07211538461538461
0 0.8209134615384616 0.5096153846153846 0.04927884615384615 0.07932692307692307
0 0.7463942307692307 0.4651442307692308 0.039663461538461536 0.06610576923076923
0 0.7824519230769231 0.5985576923076923 0.04927884615384615 0.08774038461538461