2 0.5228365384615384 0.28725961538461536 0.5192307692307693 0.5096153846153846
2 0.7307692307692307 0.2692307692307692 0.09495192307692307 0.2127403846153846
2 0.7307692307692307 0.09134615384615384 0.10336538461538461 0.12379807692307693
0 0.265625 0.7163461538461539 0.109375 0.3329326923076923
0 0.5084134615384616 0.7163461538461539 0.35216346153846156 0.3245192307692308
1 0.25721153846153844 0.33052884615384615 0.010817307692307692 0.2692307692307692
1 0.5709134615384616 0.026442307692307692 0.1045673076923077 0.025240384615384616
1 0.23317307692307693 0.890625 0.028846153846153848 0.015625
1 0.234375 0.5492788461538461 0.030048076923076924 0.014423076923076924
0 0.6069711538461539 0.5841346153846154 0.0625 0.09735576923076923
0 0.7223557692307693 0.5817307692307693 0.06490384615384616 0.10096153846153846
0 0.3245192307692308 0.6237980769230769 0.1502403846153846 0.09615384615384616
0 0.7163461538461539 0.41346153846153844 0.06129807692307692 0.09495192307692307
0 0.703125 0.18509615384615385 0.04567307692307692 0.0673076923076923
0 0.734375 0.16466346153846154 0.021634615384615384 0.025240384615384616