2 0.3137019230769231 0.078125 0.5144230769230769 0.11658653846153846
2 0.49038461538461536 0.28125 0.8641826923076923 0.234375
2 0.6814903846153846 0.5829326923076923 0.5072115384615384 0.36177884615384615
2 0.7584134615384616 0.6346153846153846 0.33052884615384615 0.24759615384615385
2 0.49399038461538464 0.8725961538461539 0.9182692307692307 0.18870192307692307
2 0.23677884615384615 0.6706730769230769 0.37259615384615385 0.18870192307692307
2 0.23557692307692307 0.46274038461538464 0.3858173076923077 0.21754807692307693
1 0.7644230769230769 0.7752403846153846 0.171875 0.02403846153846154
1 0.24278846153846154 0.7776442307692307 0.19110576923076922 0.026442307692307692
1 0.3016826923076923 0.15625 0.2091346153846154 0.015625
1 0.6947115384615384 0.14543269230769232 0.20552884615384615 0.02283653846153846
0 0.5096153846153846 0.12860576923076922 0.11778846153846154 0.06129807692307692
0 0.48677884615384615 0.43990384615384615 0.125 0.0625
0 0.24158653846153846 0.43990384615384615 0.19831730769230768 0.06370192307692307
0 0.390625 0.6081730769230769 0.13341346153846154 0.06370192307692307
0 0.6298076923076923 0.6189903846153846 0.08052884615384616 0.17067307692307693
0 0.5132211538461539 0.6694711538461539 0.10576923076923077 0.0625
0 0.5228365384615384 0.8076923076923077 0.10697115384615384 0.08413461538461539