2 0.5084134615384616 0.16466346153846154 0.2620192307692308 0.17307692307692307
2 0.5072115384615384 0.4266826923076923 0.2536057692307692 0.32572115384615385
2 0.5805288461538461 0.6189903846153846 0.11538461538461539 0.23317307692307693
2 0.4483173076923077 0.7223557692307693 0.1346153846153846 0.25240384615384615
2 0.5829326923076923 0.7932692307692307 0.11298076923076923 0.11057692307692307
2 0.5709134615384616 0.9122596153846154 0.09495192307692307 0.1045673076923077
2 0.19471153846153846 0.3737980769230769 0.25721153846153844 0.21875
2 0.19110576923076922 0.5564903846153846 0.265625 0.11899038461538461
2 0.09615384615384616 0.6694711538461539 0.0829326923076923 0.1045673076923077
2 0.09735576923076923 0.7908653846153846 0.07932692307692307 0.11177884615384616
2 0.17668269230769232 0.7932692307692307 0.0625 0.1045673076923077
2 0.203125 0.6730769230769231 0.11298076923076923 0.09615384615384616
2 0.2692307692307692 0.7331730769230769 0.109375 0.2283653846153846
2 0.84375 0.3737980769230769 0.2668269230769231 0.21394230769230768
2 0.7716346153846154 0.5516826923076923 0.11658653846153846 0.11057692307692307
2 0.9038461538461539 0.5516826923076923 0.13221153846153846 0.1201923076923077
2 0.9170673076923077 0.7379807692307693 0.12259615384615384 0.23076923076923078
2 0.7884615384615384 0.7367788461538461 0.14783653846153846 0.23677884615384615
1 0.9146634615384616 0.859375 0.0673076923076923 0.013221153846153846
1 0.7740384615384616 0.8581730769230769 0.06850961538461539 0.015625
1 0.7836538461538461 0.25961538461538464 0.09735576923076923 0.016826923076923076
1 0.9254807692307693 0.25961538461538464 0.04927884615384615 0.018028846153846152
1 0.453125 0.26322115384615385 0.09495192307692307 0.018028846153846152
1 0.5925480769230769 0.26322115384615385 0.037259615384615384 0.021634615384615384
1 0.4375 0.8605769230769231 0.06850961538461539 0.021634615384615384
1 0.5685096153846154 0.8569711538461539 0.06850961538461539 0.013221153846153846
1 0.25721153846153844 0.8605769230769231 0.06971153846153846 0.014423076923076924
1 0.11057692307692307 0.859375 0.04447115384615385 0.010817307692307692
0 0.2920673076923077 0.47836538461538464 0.04567307692307692 0.0733173076923077
0 0.1045673076923077 0.7091346153846154 0.03365384615384615 0.05048076923076923
0 0.15625 0.6466346153846154 0.04807692307692308 0.057692307692307696