2 0.1971153846153846 0.5300480769230769 0.09495192307692307 0.2932692307692308
2 0.28725961538461536 0.5264423076923077 0.05889423076923077 0.28725961538461536
2 0.35216346153846156 0.5108173076923077 0.055288461538461536 0.27403846153846156
2 0.44711538461538464 0.5096153846153846 0.125 0.2704326923076923
2 0.5588942307692307 0.5144230769230769 0.0889423076923077 0.2776442307692308
2 0.6550480769230769 0.5180288461538461 0.09254807692307693 0.265625
2 0.09014423076923077 0.22716346153846154 0.1141826923076923 0.28846153846153844
2 0.19110576923076922 0.2283653846153846 0.08173076923076923 0.28125
2 0.4699519230769231 0.22956730769230768 0.47475961538461536 0.28846153846153844
2 0.8389423076923077 0.4519230769230769 0.25841346153846156 0.7139423076923077
2 0.7776442307692307 0.47836538461538464 0.13221153846153846 0.23798076923076922
2 0.7692307692307693 0.6995192307692307 0.12139423076923077 0.15745192307692307
1 0.03485576923076923 0.23918269230769232 0.04326923076923077 0.2548076923076923
1 0.0889423076923077 0.07451923076923077 0.025240384615384616 0.025240384615384616
1 0.12980769230769232 0.07211538461538461 0.030048076923076924 0.025240384615384616
1 0.17067307692307693 0.06971153846153846 0.025240384615384616 0.027644230769230768
1 0.21153846153846154 0.07451923076923077 0.027644230769230768 0.036057692307692304
1 0.25240384615384615 0.07692307692307693 0.03125 0.030048076923076924
1 0.29086538461538464 0.07451923076923077 0.025240384615384616 0.030048076923076924
1 0.3557692307692308 0.07211538461538461 0.03365384615384615 0.03125
1 0.40024038461538464 0.06971153846153846 0.03365384615384615 0.03125
1 0.44471153846153844 0.07451923076923077 0.027644230769230768 0.026442307692307692
1 0.49038461538461536 0.0733173076923077 0.02403846153846154 0.027644230769230768
1 0.5360576923076923 0.0733173076923077 0.025240384615384616 0.027644230769230768
1 0.5829326923076923 0.07211538461538461 0.027644230769230768 0.03125
1 0.6274038461538461 0.07451923076923077 0.026442307692307692 0.028846153846153848
1 0.6730769230769231 0.07451923076923077 0.026442307692307692 0.025240384615384616
1 0.7355769230769231 0.08413461538461539 0.027644230769230768 0.02283653846153846
1 0.7764423076923077 0.08533653846153846 0.027644230769230768 0.025240384615384616
1 0.8173076923076923 0.08413461538461539 0.028846153846153848 0.037259615384615384
1 0.8569711538461539 0.08653846153846154 0.026442307692307692 0.026442307692307692
1 0.8978365384615384 0.0889423076923077 0.03125 0.03125
1 0.9387019230769231 0.08533653846153846 0.026442307692307692 0.02283653846153846
1 0.9711538461538461 0.171875 0.018028846153846152 0.06370192307692307
1 0.9711538461538461 0.27884615384615385 0.01201923076923077 0.057692307692307696
1 0.9711538461538461 0.38221153846153844 0.014423076923076924 0.0733173076923077
1 0.9699519230769231 0.47836538461538464 0.013221153846153846 0.0625
1 0.9699519230769231 0.5853365384615384 0.013221153846153846 0.06850961538461539
1 0.9723557692307693 0.6911057692307693 0.013221153846153846 0.057692307692307696
1 0.9711538461538461 0.7860576923076923 0.014423076923076924 0.05889423076923077
1 0.7055288461538461 0.7355769230769231 0.010817307692307692 0.0673076923076923
1 0.6706730769230769 0.6646634615384616 0.026442307692307692 0.027644230769230768
1 0.6262019230769231 0.6622596153846154 0.025240384615384616 0.027644230769230768
1 0.5805288461538461 0.6598557692307693 0.025240384615384616 0.020432692307692308
1 0.5336538461538461 0.6598557692307693 0.026442307692307692 0.026442307692307692
1 0.44591346153846156 0.65625 0.027644230769230768 0.025240384615384616
1 0.39903846153846156 0.6574519230769231 0.027644230769230768 0.019230769230769232
1 0.35216346153846156 0.6622596153846154 0.028846153846153848 0.027644230769230768
1 0.3004807692307692 0.6862980769230769 0.030048076923076924 0.038461538461538464
0 0.15144230769230768 0.41346153846153844 0.021634615384615384 0.038461538461538464
0 0.16826923076923078 0.390625 0.020432692307692308 0.039663461538461536
0 0.2247596153846154 0.32211538461538464 0.02403846153846154 0.09014423076923077
0 0.25841346153846156 0.41947115384615385 0.02403846153846154 0.051682692307692304
0 0.33653846153846156 0.36658653846153844 0.013221153846153846 0.038461538461538464
0 0.32572115384615385 0.20793269230769232 0.015625 0.04447115384615385
0 0.3737980769230769 0.41586538461538464 0.020432692307692308 0.04927884615384615
0 0.34375 0.4230769230769231 0.015625 0.03485576923076923
0 0.5072115384615384 0.41346153846153844 0.019230769230769232 0.039663461538461536
0 0.5985576923076923 0.41346153846153844 0.018028846153846152 0.052884615384615384
0 0.49038461538461536 0.6490384615384616 0.030048076923076924 0.039663461538461536
0 0.8185096153846154 0.7704326923076923 0.02403846153846154 0.04807692307692308
0 0.8173076923076923 0.625 0.026442307692307692 0.0625
0 0.7211538461538461 0.3425480769230769 0.027644230769230768 0.03365384615384615
0 0.6742788461538461 0.3016826923076923 0.026442307692307692 0.036057692307692304