2 0.1310096153846154 0.453125 0.20072115384615385 0.6490384615384616
2 0.3076923076923077 0.27524038461538464 0.13221153846153846 0.29447115384615385
2 0.7367788461538461 0.5048076923076923 0.3449519230769231 0.9194711538461539
2 0.4735576923076923 0.45913461538461536 0.18870192307692307 0.6610576923076923
2 0.31009615384615385 0.6129807692307693 0.13581730769230768 0.3401442307692308
2 0.06009615384615385 0.8233173076923077 0.06009615384615385 0.171875
0 0.05889423076923077 0.6754807692307693 0.04927884615384615 0.13341346153846154
0 0.2127403846153846 0.6237980769230769 0.07211538461538461 0.16706730769230768
0 0.31009615384615385 0.5048076923076923 0.056490384615384616 0.16466346153846154
0 0.35096153846153844 0.8161057692307693 0.05889423076923077 0.3329326923076923
0 0.6310096153846154 0.3918269230769231 0.06370192307692307 0.1622596153846154
1 0.016826923076923076 0.22956730769230768 0.030048076923076924 0.13822115384615385
1 0.019230769230769232 0.6165865384615384 0.03245192307692308 0.20072115384615385
1 0.921875 0.1971153846153846 0.030048076923076924 0.2439903846153846
1 0.9242788461538461 0.765625 0.030048076923076924 0.24278846153846154