2 0.12740384615384615 0.2608173076923077 0.1935096153846154 0.25
2 0.47475961538461536 0.47115384615384615 0.5024038461538461 0.6574519230769231
2 0.42908653846153844 0.6838942307692307 0.19591346153846154 0.2403846153846154
2 0.6225961538461539 0.6814903846153846 0.1875 0.23798076923076922
2 0.2704326923076923 0.890625 0.140625 0.125
2 0.1201923076923077 0.7415865384615384 0.18389423076923078 0.11177884615384616
2 0.12259615384615384 0.5961538461538461 0.1935096153846154 0.15625
2 0.125 0.4519230769230769 0.18870192307692307 0.11899038461538461
0 0.2548076923076923 0.3389423076923077 0.07451923076923077 0.0985576923076923
0 0.25 0.47836538461538464 0.0673076923076923 0.04807692307692308
0 0.25240384615384615 0.5961538461538461 0.07932692307692307 0.078125
0 0.35697115384615385 0.6045673076923077 0.078125 0.07572115384615384
0 0.5949519230769231 0.5985576923076923 0.07451923076923077 0.08173076923076923
0 0.12620192307692307 0.6514423076923077 0.06129807692307692 0.0733173076923077
0 0.2848557692307692 0.8509615384615384 0.07932692307692307 0.0829326923076923
0 0.30408653846153844 0.10096153846153846 0.06971153846153846 0.0889423076923077
1 0.12620192307692307 0.12620192307692307 0.11298076923076923 0.028846153846153848
1 0.5240384615384616 0.12740384615384615 0.234375 0.025240384615384616
1 0.7295673076923077 0.20072115384615385 0.027644230769230768 0.05889423076923077
1 0.7295673076923077 0.44591346153846156 0.030048076923076924 0.10697115384615384
1 0.5973557692307693 0.8149038461538461 0.10336538461538461 0.036057692307692304
1 0.41466346153846156 0.8185096153846154 0.11057692307692307 0.03365384615384615
1 0.12620192307692307 0.8137019230769231 0.0673076923076923 0.036057692307692304