2 0.11057692307692307 0.14903846153846154 0.15264423076923078 0.2608173076923077
2 0.5637019230769231 0.3605769230769231 0.7283653846153846 0.6838942307692307
2 0.8317307692307693 0.3269230769230769 0.13701923076923078 0.0733173076923077
2 0.8413461538461539 0.4254807692307692 0.15745192307692307 0.10576923076923077
2 0.8521634615384616 0.5384615384615384 0.15865384615384615 0.09375
2 0.3858173076923077 0.39302884615384615 0.3701923076923077 0.21033653846153846
2 0.3798076923076923 0.5961538461538461 0.359375 0.18870192307692307
2 0.4266826923076923 0.8040865384615384 0.45552884615384615 0.19230769230769232
1 0.1935096153846154 0.12259615384615384 0.02403846153846154 0.13341346153846154
1 0.19110576923076922 0.39663461538461536 0.025240384615384616 0.1346153846153846
1 0.1935096153846154 0.6069711538461539 0.03245192307692308 0.13221153846153846
1 0.19471153846153846 0.8125 0.027644230769230768 0.12980769230769232
1 0.7884615384615384 0.016826923076923076 0.17307692307692307 0.014423076923076924
0 0.19951923076923078 0.22596153846153846 0.14903846153846154 0.0625
0 0.7427884615384616 0.3161057692307692 0.07451923076923077 0.046875
0 0.5408653846153846 0.32211538461538464 0.08653846153846154 0.055288461538461536
0 0.7295673076923077 0.4326923076923077 0.0733173076923077 0.04927884615384615
0 0.7944711538461539 0.4699519230769231 0.06370192307692307 0.054086538461538464
0 0.7103365384615384 0.5925480769230769 0.06971153846153846 0.11057692307692307
0 0.5396634615384616 0.53125 0.078125 0.0625
0 0.6117788461538461 0.6814903846153846 0.06490384615384616 0.06971153846153846