2 0.18028846153846154 0.21634615384615385 0.2800480769230769 0.12860576923076922
2 0.24158653846153846 0.3858173076923077 0.046875 0.21394230769230768
2 0.23557692307692307 0.47475961538461536 0.16706730769230768 0.3954326923076923
2 0.0985576923076923 0.47596153846153844 0.11899038461538461 0.390625
2 0.10697115384615384 0.3737980769230769 0.06129807692307692 0.16466346153846154
2 0.17548076923076922 0.3473557692307692 0.056490384615384616 0.08774038461538461
2 0.17668269230769232 0.4567307692307692 0.0733173076923077 0.0889423076923077
2 0.8112980769230769 0.17427884615384615 0.28125 0.046875
2 0.8942307692307693 0.3137019230769231 0.11057692307692307 0.21514423076923078
2 0.8858173076923077 0.5204326923076923 0.13822115384615385 0.19230769230769232
2 0.8485576923076923 0.6430288461538461 0.20192307692307693 0.05048076923076923
2 0.7548076923076923 0.4879807692307692 0.1658653846153846 0.36538461538461536
2 0.7247596153846154 0.328125 0.10697115384615384 0.24879807692307693
2 0.8076923076923077 0.25240384615384615 0.052884615384615384 0.10336538461538461
2 0.4266826923076923 0.296875 0.14783653846153846 0.28966346153846156
2 0.5649038461538461 0.29927884615384615 0.12860576923076922 0.2920673076923077
2 0.5552884615384616 0.5576923076923077 0.15264423076923078 0.21634615384615385
2 0.375 0.49158653846153844 0.040865384615384616 0.08173076923076923
2 0.4110576923076923 0.5588942307692307 0.12139423076923077 0.21394230769230768
2 0.421875 0.7427884615384616 0.0985576923076923 0.12980769230769232
1 0.17668269230769232 0.1466346153846154 0.042067307692307696 0.02283653846153846
1 0.4182692307692308 0.14423076923076922 0.052884615384615384 0.019230769230769232
1 0.5697115384615384 0.14783653846153846 0.05889423076923077 0.027644230769230768
1 0.3473557692307692 0.28725961538461536 0.009615384615384616 0.11658653846153846
1 0.34615384615384615 0.4795673076923077 0.008413461538461538 0.039663461538461536
1 0.5396634615384616 0.6802884615384616 0.054086538461538464 0.02403846153846154
1 0.47596153846153844 0.7644230769230769 0.009615384615384616 0.06129807692307692
1 0.4074519230769231 0.8209134615384616 0.057692307692307696 0.02283653846153846
1 0.36538461538461536 0.7680288461538461 0.015625 0.06129807692307692
1 0.6646634615384616 0.3245192307692308 0.013221153846153846 0.13341346153846154
1 0.6646634615384616 0.5564903846153846 0.008413461538461538 0.042067307692307696
1 0.9555288461538461 0.3233173076923077 0.008413461538461538 0.10216346153846154
1 0.9555288461538461 0.5084134615384616 0.01201923076923077 0.11658653846153846
1 0.03485576923076923 0.4110576923076923 0.013221153846153846 0.07932692307692307
0 0.057692307692307696 0.1201923076923077 0.030048076923076924 0.0673076923076923
0 0.057692307692307696 0.26322115384615385 0.030048076923076924 0.06009615384615385
0 0.2439903846153846 0.24879807692307693 0.036057692307692304 0.06971153846153846
0 0.2920673076923077 0.24879807692307693 0.026442307692307692 0.06971153846153846
0 0.09495192307692307 0.4831730769230769 0.027644230769230768 0.06971153846153846
0 0.1310096153846154 0.3425480769230769 0.039663461538461536 0.06370192307692307
0 0.44350961538461536 0.47596153846153844 0.03125 0.0625
0 0.46274038461538464 0.5649038461538461 0.040865384615384616 0.0625
0 0.40384615384615385 0.5060096153846154 0.026442307692307692 0.04927884615384615
0 0.4050480769230769 0.5745192307692307 0.027644230769230768 0.051682692307692304
0 0.4519230769230769 0.6959134615384616 0.02403846153846154 0.0673076923076923
0 0.45552884615384615 0.8533653846153846 0.037259615384615384 0.08413461538461539
0 0.7632211538461539 0.43028846153846156 0.025240384615384616 0.0625
0 0.7956730769230769 0.3293269230769231 0.027644230769230768 0.05048076923076923
0 0.8509615384615384 0.3641826923076923 0.03245192307692308 0.06971153846153846
0 0.8245192307692307 0.5048076923076923 0.037259615384615384 0.05048076923076923
0 0.5745192307692307 0.42788461538461536 0.02283653846153846 0.039663461538461536
0 0.5985576923076923 0.4326923076923077 0.025240384615384616 0.04927884615384615