2 0.35096153846153844 0.22235576923076922 0.5048076923076923 0.2692307692307692
2 0.7752403846153846 0.2548076923076923 0.31490384615384615 0.3449519230769231
2 0.5793269230769231 0.4795673076923077 0.19110576923076922 0.2247596153846154
2 0.5805288461538461 0.6346153846153846 0.18629807692307693 0.06370192307692307
2 0.28365384615384615 0.5132211538461539 0.3737980769230769 0.3016826923076923
2 0.8173076923076923 0.5012019230769231 0.23677884615384615 0.12980769230769232
2 0.8088942307692307 0.6225961538461539 0.23197115384615385 0.08653846153846154
2 0.7848557692307693 0.8954326923076923 0.28846153846153844 0.14903846153846154
1 0.3137019230769231 0.08774038461538461 0.21634615384615385 0.01201923076923077
1 0.7199519230769231 0.08774038461538461 0.21033653846153846 0.01201923076923077
1 0.30649038461538464 0.6730769230769231 0.203125 0.016826923076923076
1 0.7139423076923077 0.9783653846153846 0.1310096153846154 0.013221153846153846
1 0.8569711538461539 0.9795673076923077 0.15625 0.016826923076923076
0 0.43028846153846156 0.4326923076923077 0.12740384615384615 0.06129807692307692
0 0.5516826923076923 0.38461538461538464 0.11538461538461539 0.06610576923076923
0 0.7391826923076923 0.40024038461538464 0.14543269230769232 0.051682692307692304
0 0.5180288461538461 0.0673076923076923 0.1045673076923077 0.08052884615384616
0 0.6502403846153846 0.49278846153846156 0.1045673076923077 0.057692307692307696
0 0.7524038461538461 0.5552884615384616 0.0889423076923077 0.055288461538461536
0 0.5504807692307693 0.6201923076923077 0.10697115384615384 0.0625
0 0.5480769230769231 0.6971153846153846 0.11298076923076923 0.06490384615384616
0 0.5877403846153846 0.9026442307692307 0.1201923076923077 0.07091346153846154