2 0.08774038461538461 0.17668269230769232 0.10576923076923077 0.23677884615384615
2 0.5288461538461539 0.24879807692307693 0.7512019230769231 0.38221153846153844
2 0.42788461538461536 0.3858173076923077 0.11538461538461539 0.10336538461538461
2 0.21754807692307693 0.4699519230769231 0.3016826923076923 0.26322115384615385
2 0.6370192307692307 0.6454326923076923 0.5360576923076923 0.3870192307692308
2 0.6574519230769231 0.7427884615384616 0.109375 0.18990384615384615
1 0.052884615384615384 0.4879807692307692 0.021634615384615384 0.1658653846153846
1 0.9086538461538461 0.25240384615384615 0.021634615384615384 0.2956730769230769
1 0.9110576923076923 0.5396634615384616 0.016826923076923076 0.0985576923076923
1 0.14783653846153846 0.1346153846153846 0.02283653846153846 0.13822115384615385
0 0.15144230769230768 0.2536057692307692 0.10697115384615384 0.08653846153846154
0 0.47475961538461536 0.27524038461538464 0.06850961538461539 0.07932692307692307
0 0.4411057692307692 0.4675480769230769 0.04447115384615385 0.052884615384615384
0 0.390625 0.5 0.05048076923076923 0.08413461538461539
0 0.5793269230769231 0.7307692307692307 0.054086538461538464 0.0829326923076923
0 0.5408653846153846 0.8497596153846154 0.07572115384615384 0.140625