2 0.5096153846153846 0.13942307692307693 0.9170673076923077 0.13221153846153846
2 0.19951923076923078 0.34375 0.2980769230769231 0.234375
2 0.5528846153846154 0.5661057692307693 0.36658653846153844 0.6658653846153846
2 0.8413461538461539 0.703125 0.21033653846153846 0.09254807692307693
2 0.8509615384615384 0.8305288461538461 0.22115384615384615 0.13581730769230768
2 0.8473557692307693 0.37259615384615385 0.2283653846153846 0.28725961538461536
0 0.3269230769230769 0.3954326923076923 0.10096153846153846 0.06850961538461539
0 0.5769230769230769 0.1875 0.10336538461538461 0.078125
0 0.7704326923076923 0.48677884615384615 0.08413461538461539 0.06370192307692307
0 0.8677884615384616 0.5024038461538461 0.08413461538461539 0.06129807692307692
0 0.6971153846153846 0.8389423076923077 0.10096153846153846 0.07091346153846154
0 0.7007211538461539 0.5961538461538461 0.09014423076923077 0.06610576923076923
0 0.8449519230769231 0.7836538461538461 0.10096153846153846 0.0673076923076923
0 0.6646634615384616 0.9375 0.11298076923076923 0.08653846153846154
1 0.2091346153846154 0.21875 0.15625 0.028846153846153848
1 0.4338942307692308 0.21995192307692307 0.12139423076923077 0.03125
1 0.6682692307692307 0.21875 0.07211538461538461 0.028846153846153848
1 0.8581730769230769 0.21514423076923078 0.1502403846153846 0.030048076923076924
1 0.9747596153846154 0.28125 0.026442307692307692 0.037259615384615384