2 0.7235576923076923 0.28365384615384615 0.32572115384615385 0.1045673076923077
2 0.7235576923076923 0.39302884615384615 0.33413461538461536 0.1045673076923077
2 0.7235576923076923 0.5072115384615384 0.32091346153846156 0.11057692307692307
2 0.22355769230769232 0.7043269230769231 0.41346153846153844 0.1310096153846154
2 0.08173076923076923 0.6009615384615384 0.12139423076923077 0.06370192307692307
2 0.2644230769230769 0.6009615384615384 0.1814903846153846 0.0673076923076923
2 0.28966346153846156 0.4338942307692308 0.5420673076923077 0.40625
2 0.046875 0.4807692307692308 0.08173076923076923 0.15264423076923078
2 0.2620192307692308 0.5997596153846154 0.171875 0.06370192307692307
2 0.40024038461538464 0.4411057692307692 0.0673076923076923 0.07692307692307693
0 0.46153846153846156 0.45072115384615385 0.06850961538461539 0.039663461538461536
0 0.38822115384615385 0.5132211538461539 0.0733173076923077 0.042067307692307696
0 0.4891826923076923 0.5721153846153846 0.06610576923076923 0.10096153846153846
0 0.3798076923076923 0.6117788461538461 0.05889423076923077 0.03365384615384615
0 0.39663461538461536 0.6201923076923077 0.04447115384615385 0.04567307692307692
0 0.5805288461538461 0.41947115384615385 0.078125 0.03245192307692308
0 0.5745192307692307 0.31490384615384615 0.0625 0.03245192307692308
0 0.5805288461538461 0.4723557692307692 0.07451923076923077 0.027644230769230768
0 0.057692307692307696 0.38461538461538464 0.055288461538461536 0.04567307692307692
0 0.11538461538461539 0.6502403846153846 0.052884615384615384 0.037259615384615384
1 0.014423076923076924 0.3125 0.026442307692307692 0.16105769230769232
1 0.8990384615384616 0.2860576923076923 0.02403846153846154 0.10216346153846154
1 0.8990384615384616 0.3942307692307692 0.025240384615384616 0.09254807692307693
1 0.8990384615384616 0.5060096153846154 0.021634615384615384 0.10576923076923077
1 0.008413461538461538 0.5985576923076923 0.015625 0.055288461538461536
1 0.01201923076923077 0.7043269230769231 0.02403846153846154 0.125
1 0.0985576923076923 0.48677884615384615 0.021634615384615384 0.15504807692307693