2 0.3605769230769231 0.3161057692307692 0.33653846153846156 0.2932692307692308
2 0.125 0.65625 0.10216346153846154 0.35216346153846156
2 0.36177884615384615 0.6514423076923077 0.33413461538461536 0.35096153846153844
2 0.6069711538461539 0.6021634615384616 0.12740384615384615 0.46875
2 0.8341346153846154 0.3137019230769231 0.2800480769230769 0.3016826923076923
2 0.6045673076923077 0.25841346153846156 0.12740384615384615 0.18389423076923078
0 0.18389423076923078 0.5492788461538461 0.14182692307692307 0.1141826923076923
0 0.5084134615384616 0.5504807692307693 0.0733173076923077 0.09375
0 0.5036057692307693 0.41586538461538464 0.07692307692307693 0.09014423076923077
0 0.6045673076923077 0.39783653846153844 0.05889423076923077 0.10817307692307693
0 0.6995192307692307 0.421875 0.0733173076923077 0.09134615384615384
0 0.5877403846153846 0.8810096153846154 0.07211538461538461 0.1141826923076923
1 0.1875 0.32211538461538464 0.01201923076923077 0.21995192307692307
1 0.9807692307692307 0.3449519230769231 0.016826923076923076 0.18269230769230768
1 0.18870192307692307 0.7211538461538461 0.013221153846153846 0.2127403846153846