1 0.328125 0.1971153846153846 0.11538461538461539 0.052884615384615384
1 0.5336538461538461 0.19591346153846154 0.15144230769230768 0.054086538461538464
1 0.9014423076923077 0.5456730769230769 0.040865384615384616 0.1201923076923077
1 0.796875 0.44350961538461536 0.15745192307692307 0.026442307692307692
1 0.7079326923076923 0.27524038461538464 0.015625 0.09014423076923077
1 0.38221153846153844 0.5048076923076923 0.6358173076923077 0.5757211538461539
1 0.16466346153846154 0.65625 0.18629807692307693 0.23076923076923078
1 0.7283653846153846 0.6237980769230769 0.30408653846153844 0.35096153846153844
0 0.5384615384615384 0.6694711538461539 0.09735576923076923 0.10336538461538461
0 0.7475961538461539 0.375 0.11177884615384616 0.11177884615384616
0 0.2920673076923077 0.7223557692307693 0.09254807692307693 0.10336538461538461
0 0.32572115384615385 0.8629807692307693 0.0889423076923077 0.12860576923076922