2 0.47115384615384615 0.10697115384615384 0.8040865384615384 0.1622596153846154
2 0.47716346153846156 0.5384615384615384 0.7884615384615384 0.6213942307692307
2 0.7608173076923077 0.3713942307692308 0.21995192307692307 0.296875
2 0.640625 0.7427884615384616 0.1658653846153846 0.22235576923076922
2 0.4879807692307692 0.7632211538461539 0.1346153846153846 0.1502403846153846
2 0.2536057692307692 0.734375 0.33653846153846156 0.22355769230769232
1 0.15504807692307693 0.20552884615384615 0.09134615384615384 0.028846153846153848
1 0.25240384615384615 0.21033653846153846 0.08774038461538461 0.042067307692307696
1 0.4951923076923077 0.21153846153846154 0.09975961538461539 0.036057692307692304
1 0.7512019230769231 0.2091346153846154 0.10336538461538461 0.04807692307692308
1 0.06490384615384616 0.7103365384615384 0.039663461538461536 0.08653846153846154
0 0.375 0.17908653846153846 0.08413461538461539 0.11538461538461539
0 0.6153846153846154 0.5961538461538461 0.10817307692307693 0.12379807692307693
0 0.7728365384615384 0.4831730769230769 0.08653846153846154 0.11177884615384616
0 0.796875 0.8557692307692307 0.10576923076923077 0.20793269230769232
0 0.31009615384615385 0.6646634615384616 0.09254807692307693 0.09615384615384616
0 0.5985576923076923 0.7283653846153846 0.10096153846153846 0.08653846153846154