2 0.47596153846153844 0.12620192307692307 0.7728365384615384 0.16105769230769232
2 0.4699519230769231 0.47716346153846156 0.7644230769230769 0.49278846153846156
2 0.7175480769230769 0.6574519230769231 0.24759615384615385 0.12139423076923077
2 0.6730769230769231 0.796875 0.3245192307692308 0.13221153846153846
2 0.3076923076923077 0.8016826923076923 0.4423076923076923 0.13701923076923078
1 0.27403846153846156 0.21875 0.16947115384615385 0.021634615384615384
1 0.6514423076923077 0.22355769230769232 0.14302884615384615 0.026442307692307692
0 0.43028846153846156 0.18028846153846154 0.14182692307692307 0.0985576923076923
0 0.4483173076923077 0.7764423076923077 0.16466346153846154 0.09134615384615384
0 0.41947115384615385 0.875 0.19230769230769232 0.19110576923076922
0 0.6634615384615384 0.765625 0.1346153846153846 0.09735576923076923