2 0.5817307692307693 0.11057692307692307 0.6706730769230769 0.16466346153846154
2 0.5612980769230769 0.4963942307692308 0.6766826923076923 0.5348557692307693
2 0.3269230769230769 0.578125 0.21153846153846154 0.10216346153846154
2 0.3173076923076923 0.6959134615384616 0.21754807692307693 0.1346153846153846
2 0.22115384615384615 0.8293269230769231 0.3954326923076923 0.15745192307692307
2 0.6670673076923077 0.8413461538461539 0.4639423076923077 0.1466346153846154
1 0.6706730769230769 0.21875 0.16105769230769232 0.03365384615384615
0 0.5060096153846154 0.18028846153846154 0.13942307692307693 0.11658653846153846
0 0.48677884615384615 0.5913461538461539 0.15504807692307693 0.06009615384615385
0 0.5144230769230769 0.8197115384615384 0.1778846153846154 0.08774038461538461
0 0.5360576923076923 0.9110576923076923 0.19471153846153846 0.1778846153846154
0 0.3449519230769231 0.8088942307692307 0.14182692307692307 0.10817307692307693