2 0.0985576923076923 0.3641826923076923 0.0985576923076923 0.5288461538461539
2 0.32572115384615385 0.359375 0.3389423076923077 0.49399038461538464
2 0.6033653846153846 0.6382211538461539 0.20552884615384615 0.3581730769230769
2 0.8185096153846154 0.6418269230769231 0.21394230769230768 0.34375
2 0.7872596153846154 0.2824519230769231 0.2776442307692308 0.33774038461538464
2 0.5709134615384616 0.3581730769230769 0.14423076923076922 0.18269230769230768
2 0.5829326923076923 0.18629807692307693 0.1201923076923077 0.14182692307692307
1 0.15264423076923078 0.2932692307692308 0.018028846153846152 0.35096153846153844
1 0.9314903846153846 0.27524038461538464 0.019230769230769232 0.17307692307692307
1 0.9314903846153846 0.6454326923076923 0.015625 0.18269230769230768
0 0.7331730769230769 0.5240384615384616 0.06610576923076923 0.10336538461538461
0 0.65625 0.20552884615384615 0.051682692307692304 0.08173076923076923
0 0.6778846153846154 0.4110576923076923 0.056490384615384616 0.12139423076923077
0 0.6177884615384616 0.5048076923076923 0.04927884615384615 0.1141826923076923
0 0.47115384615384615 0.5432692307692307 0.06490384615384616 0.12259615384615384
0 0.6514423076923077 0.8245192307692307 0.06490384615384616 0.2536057692307692