2 0.22956730769230768 0.3317307692307692 0.14543269230769232 0.2439903846153846
2 0.20432692307692307 0.43028846153846156 0.09975961538461539 0.056490384615384616
2 0.20793269230769232 0.5805288461538461 0.10336538461538461 0.23197115384615385
2 0.2980769230769231 0.6622596153846154 0.06490384615384616 0.0673076923076923
2 0.2956730769230769 0.5757211538461539 0.06490384615384616 0.09375
2 0.36177884615384615 0.32091346153846156 0.10576923076923077 0.21394230769230768
2 0.3401442307692308 0.5637019230769231 0.15504807692307693 0.27163461538461536
2 0.5216346153846154 0.4567307692307692 0.20072115384615385 0.4879807692307692
2 0.7043269230769231 0.32572115384615385 0.14903846153846154 0.21634615384615385
2 0.6670673076923077 0.5024038461538461 0.07091346153846154 0.10817307692307693
2 0.7379807692307693 0.5 0.06971153846153846 0.11778846153846154
2 0.703125 0.6382211538461539 0.14903846153846154 0.1466346153846154
2 0.5228365384615384 0.5961538461538461 0.19591346153846154 0.22956730769230768
2 0.33413461538461536 0.7608173076923077 0.13822115384615385 0.06850961538461539
1 0.23317307692307693 0.20192307692307693 0.06009615384615385 0.021634615384615384
1 0.3641826923076923 0.20072115384615385 0.046875 0.014423076923076924
1 0.5132211538461539 0.20552884615384615 0.1201923076923077 0.02403846153846154
1 0.5973557692307693 0.203125 0.03245192307692308 0.019230769230769232
1 0.7127403846153846 0.20552884615384615 0.06610576923076923 0.019230769230769232
1 0.7055288461538461 0.7199519230769231 0.042067307692307696 0.026442307692307692
1 0.5973557692307693 0.7211538461538461 0.037259615384615384 0.02403846153846154
1 0.4735576923076923 0.7163461538461539 0.0733173076923077 0.027644230769230768
1 0.21153846153846154 0.7151442307692307 0.04807692307692308 0.020432692307692308
0 0.20673076923076922 0.3701923076923077 0.03485576923076923 0.04807692307692308
0 0.30528846153846156 0.4026442307692308 0.08413461538461539 0.06129807692307692
0 0.32091346153846156 0.515625 0.0625 0.09615384615384616
0 0.30288461538461536 0.7379807692307693 0.038461538461538464 0.06129807692307692
0 0.36538461538461536 0.7427884615384616 0.042067307692307696 0.0829326923076923
0 0.2403846153846154 0.49278846153846156 0.04447115384615385 0.06129807692307692
0 0.6430288461538461 0.3894230769230769 0.04326923076923077 0.05889423076923077
0 0.7355769230769231 0.5925480769230769 0.042067307692307696 0.06610576923076923
0 0.6430288461538461 0.640625 0.052884615384615384 0.057692307692307696
0 0.8004807692307693 0.640625 0.04326923076923077 0.054086538461538464
0 0.7211538461538461 0.5132211538461539 0.046875 0.05889423076923077