2 0.26802884615384615 0.15865384615384615 0.1201923076923077 0.07692307692307693
2 0.11177884615384616 0.26802884615384615 0.08413461538461539 0.11778846153846154
2 0.11298076923076923 0.39663461538461536 0.08413461538461539 0.12259615384615384
2 0.31850961538461536 0.4699519230769231 0.3161057692307692 0.5180288461538461
2 0.3605769230769231 0.8125 0.23076923076923078 0.13701923076923078
2 0.18389423076923078 0.8016826923076923 0.10576923076923077 0.11658653846153846
2 0.11778846153846154 0.7716346153846154 0.10096153846153846 0.21033653846153846
2 0.11298076923076923 0.5685096153846154 0.09375 0.19831730769230768
2 0.6081730769230769 0.38100961538461536 0.1658653846153846 0.34134615384615385
2 0.8161057692307693 0.38461538461538464 0.2283653846153846 0.359375
2 0.8161057692307693 0.6490384615384616 0.2283653846153846 0.17668269230769232
2 0.8149038461538461 0.8125 0.22956730769230768 0.1141826923076923
2 0.6117788461538461 0.7139423076923077 0.16947115384615385 0.3112980769230769
2 0.578125 0.6069711538461539 0.10576923076923077 0.10216346153846154
0 0.2704326923076923 0.17908653846153846 0.054086538461538464 0.078125
0 0.125 0.35697115384615385 0.039663461538461536 0.052884615384615384
0 0.13341346153846154 0.48677884615384615 0.04567307692307692 0.06009615384615385
0 0.17427884615384615 0.6334134615384616 0.051682692307692304 0.04927884615384615
0 0.2824519230769231 0.6574519230769231 0.052884615384615384 0.08413461538461539
0 0.28125 0.7728365384615384 0.06129807692307692 0.08653846153846154
0 0.19230769230769232 0.7247596153846154 0.04927884615384615 0.08413461538461539
0 0.6153846153846154 0.6346153846153846 0.06009615384615385 0.06370192307692307
0 0.6658653846153846 0.5336538461538461 0.05889423076923077 0.08413461538461539
0 0.7139423076923077 0.7079326923076923 0.06009615384615385 0.0625
0 0.7151442307692307 0.7884615384615384 0.055288461538461536 0.0625
1 0.6574519230769231 0.8774038461538461 0.036057692307692304 0.016826923076923076
1 0.6322115384615384 0.20793269230769232 0.09375 0.018028846153846152
1 0.38822115384615385 0.20793269230769232 0.11778846153846154 0.015625
1 0.47475961538461536 0.4831730769230769 0.015625 0.15144230769230768
1 0.9314903846153846 0.6514423076923077 0.008413461538461538 0.04567307692307692
1 0.8677884615384616 0.75 0.09375 0.02403846153846154
1 0.203125 0.8737980769230769 0.028846153846153848 0.02403846153846154
1 0.12139423076923077 0.20673076923076922 0.027644230769230768 0.009615384615384616