2 0.27163461538461536 0.08413461538461539 0.43028846153846156 0.13581730769230768
2 0.11538461538461539 0.31971153846153844 0.1201923076923077 0.28966346153846156
2 0.2512019230769231 0.31850961538461536 0.15144230769230768 0.2920673076923077
2 0.15264423076923078 0.5072115384615384 0.19951923076923078 0.07091346153846154
2 0.1045673076923077 0.5925480769230769 0.09254807692307693 0.07932692307692307
2 0.2932692307692308 0.5072115384615384 0.0673076923076923 0.08173076923076923
2 0.4014423076923077 0.47596153846153844 0.14783653846153846 0.13942307692307693
2 0.4026442307692308 0.28725961538461536 0.14302884615384615 0.23076923076923078
2 0.7463942307692307 0.09375 0.4230769230769231 0.11538461538461539
2 0.75 0.27163461538461536 0.4230769230769231 0.19471153846153846
2 0.6430288461538461 0.46033653846153844 0.21634615384615385 0.16826923076923078
2 0.5661057692307693 0.5060096153846154 0.06850961538461539 0.078125
2 0.5877403846153846 0.5973557692307693 0.10817307692307693 0.08653846153846154
2 0.8088942307692307 0.6045673076923077 0.2920673076923077 0.08173076923076923
2 0.8581730769230769 0.46033653846153844 0.20192307692307693 0.17427884615384615
1 0.125 0.16466346153846154 0.08774038461538461 0.018028846153846152
1 0.25841346153846156 0.16466346153846154 0.13341346153846154 0.025240384615384616
1 0.3942307692307692 0.16466346153846154 0.14302884615384615 0.018028846153846152
1 0.6141826923076923 0.16947115384615385 0.10576923076923077 0.018028846153846152
1 0.7776442307692307 0.17067307692307693 0.12620192307692307 0.013221153846153846
1 0.8954326923076923 0.16947115384615385 0.12379807692307693 0.016826923076923076
1 0.8257211538461539 0.5552884615384616 0.10576923076923077 0.02403846153846154
1 0.6911057692307693 0.5540865384615384 0.07211538461538461 0.019230769230769232
0 0.19110576923076922 0.3485576923076923 0.04807692307692308 0.04447115384615385
0 0.21394230769230768 0.14903846153846154 0.040865384615384616 0.056490384615384616
0 0.35336538461538464 0.15144230769230768 0.04927884615384615 0.057692307692307696
0 0.6935096153846154 0.15625 0.052884615384615384 0.06610576923076923
0 0.3076923076923077 0.3485576923076923 0.04927884615384615 0.046875
0 0.3473557692307692 0.44711538461538464 0.055288461538461536 0.04567307692307692
0 0.28966346153846156 0.4519230769230769 0.04807692307692308 0.04447115384615385
0 0.2091346153846154 0.4891826923076923 0.04567307692307692 0.054086538461538464
0 0.13221153846153846 0.5300480769230769 0.04807692307692308 0.04567307692307692
0 0.6201923076923077 0.484375 0.039663461538461536 0.039663461538461536
0 0.6850961538461539 0.5697115384615384 0.04567307692307692 0.04447115384615385
0 0.6598557692307693 0.5949519230769231 0.052884615384615384 0.037259615384615384
0 0.9254807692307693 0.4206730769230769 0.046875 0.042067307692307696