2 0.265625 0.4182692307692308 0.24519230769230768 0.38221153846153844
2 0.7139423076923077 0.13341346153846154 0.29447115384615385 0.16826923076923078
2 0.7127403846153846 0.5 0.2980769230769231 0.5516826923076923
2 0.4375 0.6935096153846154 0.2536057692307692 0.16826923076923078
2 0.4795673076923077 0.5348557692307693 0.1502403846153846 0.14302884615384615
2 0.4795673076923077 0.3389423076923077 0.1502403846153846 0.21995192307692307
2 0.22115384615384615 0.6923076923076923 0.17307692307692307 0.16826923076923078
1 0.26802884615384615 0.22355769230769232 0.13822115384615385 0.016826923076923076
1 0.4891826923076923 0.22235576923076922 0.06971153846153846 0.030048076923076924
1 0.7463942307692307 0.22115384615384615 0.16346153846153846 0.009615384615384616
0 0.5913461538461539 0.3485576923076923 0.09975961538461539 0.0985576923076923
0 0.6322115384615384 0.18389423076923078 0.07211538461538461 0.10096153846153846
0 0.35336538461538464 0.5757211538461539 0.08173076923076923 0.10576923076923077
0 0.3329326923076923 0.7067307692307693 0.06370192307692307 0.0673076923076923
0 0.4963942307692308 0.6478365384615384 0.054086538461538464 0.07932692307692307
0 0.5168269230769231 0.7860576923076923 0.08653846153846154 0.19471153846153846