1 0.057692307692307696 0.2548076923076923 0.027644230769230768 0.12860576923076922
1 0.057692307692307696 0.39663461538461536 0.026442307692307692 0.05048076923076923
1 0.06370192307692307 0.7932692307692307 0.038461538461538464 0.15745192307692307
1 0.7944711538461539 0.2403846153846154 0.03245192307692308 0.16105769230769232
0 0.8233173076923077 0.3581730769230769 0.1045673076923077 0.09615384615384616
0 0.2860576923076923 0.29086538461538464 0.06610576923076923 0.08173076923076923
0 0.34615384615384615 0.5540865384615384 0.06610576923076923 0.06370192307692307
0 0.421875 0.6682692307692307 0.078125 0.10096153846153846
0 0.27524038461538464 0.6766826923076923 0.0889423076923077 0.08052884615384616
2 0.20432692307692307 0.2512019230769231 0.25841346153846156 0.18389423076923078
2 0.2644230769230769 0.40625 0.11177884615384616 0.12259615384615384
2 0.14543269230769232 0.41225961538461536 0.11057692307692307 0.13581730769230768
2 0.1971153846153846 0.5372596153846154 0.23076923076923078 0.17427884615384615
2 0.21153846153846154 0.7872596153846154 0.27524038461538464 0.3112980769230769
2 0.5552884615384616 0.4026442307692308 0.46153846153846156 0.5889423076923077
2 0.8798076923076923 0.2608173076923077 0.14302884615384615 0.3233173076923077