2 0.1814903846153846 0.2620192307692308 0.27403846153846156 0.40625
2 0.1814903846153846 0.6754807692307693 0.2608173076923077 0.39903846153846156
2 0.578125 0.4639423076923077 0.5060096153846154 0.8221153846153846
2 0.7211538461538461 0.671875 0.20673076923076922 0.3942307692307692
2 0.8918269230769231 0.45913461538461536 0.12860576923076922 0.8221153846153846
1 0.8269230769230769 0.20192307692307693 0.016826923076923076 0.3004807692307692
1 0.4338942307692308 0.04927884615384615 0.1141826923076923 0.021634615384615384
1 0.039663461538461536 0.35096153846153844 0.014423076923076924 0.23798076923076922
1 0.042067307692307696 0.6021634615384616 0.013221153846153846 0.23076923076923078
0 0.29086538461538464 0.41466346153846156 0.07572115384615384 0.09615384615384616
0 0.29447115384615385 0.6069711538461539 0.07451923076923077 0.109375
0 0.6995192307692307 0.42427884615384615 0.07091346153846154 0.1310096153846154
0 0.8557692307692307 0.4050480769230769 0.08052884615384616 0.10216346153846154
0 0.4543269230769231 0.7620192307692307 0.06971153846153846 0.0985576923076923
0 0.59375 0.5901442307692307 0.07211538461538461 0.12379807692307693
0 0.3581730769230769 0.9338942307692307 0.0889423076923077 0.1310096153846154