0 0.1346153846153846 0.29927884615384615 0.15625 0.26802884615384615
0 0.5661057692307693 0.29927884615384615 0.36658653846153844 0.25961538461538464
0 0.4026442307692308 0.6382211538461539 0.6911057692307693 0.3858173076923077
0 0.8365384615384616 0.6370192307692307 0.140625 0.39663461538461536
1 0.7584134615384616 0.29447115384615385 0.020432692307692308 0.15264423076923078
1 0.7572115384615384 0.5901442307692307 0.020432692307692308 0.23918269230769232
0 0.11298076923076923 0.7992788461538461 0.09735576923076923 0.1201923076923077
0 0.10336538461538461 0.47596153846153844 0.078125 0.0985576923076923
0 0.421875 0.4074519230769231 0.08413461538461539 0.11538461538461539
0 0.7247596153846154 0.7704326923076923 0.1141826923076923 0.11057692307692307
2 0.3004807692307692 0.3088942307692308 0.14423076923076922 0.28725961538461536