2 0.6177884615384616 0.09975961538461539 0.0889423076923077 0.06009615384615385
2 0.43149038461538464 0.21394230769230768 0.09254807692307693 0.1502403846153846
2 0.5228365384615384 0.21394230769230768 0.078125 0.1502403846153846
2 0.6201923076923077 0.21394230769230768 0.10216346153846154 0.15384615384615385
2 0.703125 0.1814903846153846 0.0733173076923077 0.08774038461538461
2 0.7067307692307693 0.25961538461538464 0.056490384615384616 0.0625
2 0.5985576923076923 0.3954326923076923 0.2692307692307692 0.20552884615384615
2 0.4206730769230769 0.32211538461538464 0.07211538461538461 0.057692307692307696
2 0.43028846153846156 0.42788461538461536 0.08173076923076923 0.14543269230769232
2 0.28365384615384615 0.5456730769230769 0.11057692307692307 0.06971153846153846
2 0.28125 0.7067307692307693 0.11057692307692307 0.24639423076923078
0 0.2848557692307692 0.8605769230769231 0.07932692307692307 0.06610576923076923
0 0.34615384615384615 0.5649038461538461 0.03485576923076923 0.03485576923076923
0 0.46634615384615385 0.3701923076923077 0.028846153846153848 0.04447115384615385
0 0.4110576923076923 0.3641826923076923 0.028846153846153848 0.03125
0 0.47115384615384615 0.2776442307692308 0.018028846153846152 0.03245192307692308
0 0.5516826923076923 0.2764423076923077 0.025240384615384616 0.038461538461538464
0 0.6394230769230769 0.12740384615384615 0.027644230769230768 0.03245192307692308
0 0.6790865384615384 0.1935096153846154 0.027644230769230768 0.02403846153846154
0 0.7235576923076923 0.21394230769230768 0.021634615384615384 0.03245192307692308
0 0.49038461538461536 0.4879807692307692 0.025240384615384616 0.028846153846153848
1 0.4266826923076923 0.5024038461538461 0.05048076923076923 0.016826923076923076
1 0.3389423076923077 0.6610576923076923 0.009615384615384616 0.07932692307692307
1 0.5685096153846154 0.5012019230769231 0.040865384615384616 0.014423076923076924
1 0.6634615384615384 0.5012019230769231 0.04927884615384615 0.014423076923076924
1 0.4326923076923077 0.140625 0.04927884615384615 0.018028846153846152
1 0.5300480769230769 0.13822115384615385 0.04447115384615385 0.015625