2 0.09975961538461539 0.18509615384615385 0.09615384615384616 0.13581730769230768
2 0.09975961538461539 0.4170673076923077 0.09254807692307693 0.328125
2 0.2091346153846154 0.35096153846153844 0.10697115384615384 0.4963942307692308
2 0.15865384615384615 0.6225961538461539 0.21033653846153846 0.057692307692307696
2 0.31850961538461536 0.6826923076923077 0.09495192307692307 0.17067307692307693
2 0.4110576923076923 0.6838942307692307 0.08533653846153846 0.16466346153846154
2 0.3004807692307692 0.33774038461538464 0.051682692307692304 0.125
2 0.35216346153846156 0.31971153846153844 0.04567307692307692 0.10576923076923077
2 0.4206730769230769 0.37740384615384615 0.0733173076923077 0.22235576923076922
2 0.3545673076923077 0.43028846153846156 0.04927884615384615 0.1045673076923077
2 0.36538461538461536 0.5012019230769231 0.18509615384615385 0.19591346153846154
2 0.3641826923076923 0.18629807692307693 0.19230769230769232 0.13581730769230768
2 0.6069711538461539 0.3449519230769231 0.21153846153846154 0.46875
2 0.8149038461538461 0.1814903846153846 0.1971153846153846 0.140625
2 0.8173076923076923 0.5216346153846154 0.18990384615384615 0.49759615384615385
2 0.7403846153846154 0.3329326923076923 0.042067307692307696 0.1310096153846154
2 0.7872596153846154 0.33653846153846156 0.040865384615384616 0.125
2 0.7463942307692307 0.44591346153846156 0.040865384615384616 0.09615384615384616
2 0.7860576923076923 0.44471153846153844 0.03485576923076923 0.09254807692307693
1 0.36538461538461536 0.1045673076923077 0.15625 0.01201923076923077
1 0.41586538461538464 0.7776442307692307 0.046875 0.030048076923076924
1 0.3125 0.7788461538461539 0.039663461538461536 0.02283653846153846
1 0.4639423076923077 0.5432692307692307 0.009615384615384616 0.09375
1 0.8185096153846154 0.11057692307692307 0.16346153846153846 0.019230769230769232
1 0.7451923076923077 0.25961538461538464 0.04326923076923077 0.020432692307692308
1 0.7932692307692307 0.27163461538461536 0.039663461538461536 0.028846153846153848
1 0.8617788461538461 0.2608173076923077 0.08413461538461539 0.02283653846153846
1 0.765625 0.7740384615384616 0.05048076923076923 0.016826923076923076
1 0.8665865384615384 0.7836538461538461 0.037259615384615384 0.016826923076923076
1 0.9158653846153846 0.6923076923076923 0.008413461538461538 0.09375
1 0.9170673076923077 0.5480769230769231 0.009615384615384616 0.09975961538461539
0 0.16826923076923078 0.1971153846153846 0.03485576923076923 0.06370192307692307
0 0.3112980769230769 0.23317307692307693 0.02403846153846154 0.046875
0 0.39302884615384615 0.234375 0.025240384615384616 0.05048076923076923
0 0.3137019230769231 0.3737980769230769 0.027644230769230768 0.04567307692307692
0 0.39302884615384615 0.46875 0.02403846153846154 0.054086538461538464
0 0.4338942307692308 0.6225961538461539 0.025240384615384616 0.06370192307692307
0 0.30408653846153844 0.6286057692307693 0.03125 0.054086538461538464
0 0.7079326923076923 0.5192307692307693 0.030048076923076924 0.046875
0 0.7572115384615384 0.29447115384615385 0.021634615384615384 0.04567307692307692
0 0.7536057692307693 0.37259615384615385 0.026442307692307692 0.04807692307692308
0 0.7536057692307693 0.4254807692307692 0.027644230769230768 0.051682692307692304