2 0.3605769230769231 0.10817307692307693 0.3245192307692308 0.18509615384615385
2 0.7163461538461539 0.11899038461538461 0.30649038461538464 0.18389423076923078
2 0.6213942307692307 0.2980769230769231 0.6310096153846154 0.16466346153846154
2 0.5901442307692307 0.44471153846153844 0.5637019230769231 0.1346153846153846
2 0.3737980769230769 0.6009615384615384 0.4963942307692308 0.15985576923076922
2 0.27283653846153844 0.7512019230769231 0.3137019230769231 0.13581730769230768
2 0.19831730769230768 0.8846153846153846 0.15504807692307693 0.11899038461538461
2 0.35216346153846156 0.90625 0.12379807692307693 0.10216346153846154
2 0.5697115384615384 0.890625 0.28125 0.13701923076923078
2 0.7800480769230769 0.890625 0.15504807692307693 0.12139423076923077
2 0.7127403846153846 0.75 0.29927884615384615 0.1201923076923077
2 0.7788461538461539 0.6021634615384616 0.3293269230769231 0.14903846153846154
2 0.4963942307692308 0.7536057692307693 0.1141826923076923 0.13942307692307693
0 0.4987980769230769 0.8401442307692307 0.11899038461538461 0.04447115384615385
0 0.2644230769230769 0.8918269230769231 0.12139423076923077 0.046875
0 0.2548076923076923 0.8425480769230769 0.09134615384615384 0.046875
0 0.23197115384615385 0.7067307692307693 0.07091346153846154 0.04447115384615385
0 0.0889423076923077 0.6598557692307693 0.125 0.06490384615384616
0 0.3449519230769231 0.6670673076923077 0.11538461538461539 0.06129807692307692
0 0.5997596153846154 0.7091346153846154 0.08052884615384616 0.04567307692307692
0 0.4699519230769231 0.5901442307692307 0.09975961538461539 0.046875
0 0.6550480769230769 0.546875 0.09375 0.052884615384615384
1 0.4254807692307692 0.9555288461538461 0.25600961538461536 0.027644230769230768
1 0.8737980769230769 0.7596153846153846 0.021634615384615384 0.12379807692307693
1 0.8653846153846154 0.8725961538461539 0.04447115384615385 0.09495192307692307
1 0.8786057692307693 0.45552884615384615 0.03125 0.08413461538461539
1 0.9627403846153846 0.30408653846153844 0.03245192307692308 0.14302884615384615
1 0.9170673076923077 0.38822115384615385 0.054086538461538464 0.014423076923076924
1 0.5492788461538461 0.09735576923076923 0.027644230769230768 0.140625
1 0.6730769230769231 0.021634615384615384 0.21875 0.026442307692307692
1 0.37259615384615385 0.2091346153846154 0.11538461538461539 0.02283653846153846
1 0.10096153846153846 0.8161057692307693 0.015625 0.15264423076923078
1 0.10817307692307693 0.5685096153846154 0.030048076923076924 0.0733173076923077
1 0.1935096153846154 0.5276442307692307 0.15504807692307693 0.014423076923076924
1 0.9086538461538461 0.6935096153846154 0.054086538461538464 0.025240384615384616
0 0.7211538461538461 0.19951923076923078 0.11658653846153846 0.03245192307692308