2 0.3798076923076923 0.15985576923076922 0.6165865384615384 0.29927884615384615
2 0.8353365384615384 0.6694711538461539 0.22956730769230768 0.10096153846153846
2 0.5564903846153846 0.8329326923076923 0.28966346153846156 0.25240384615384615
2 0.1875 0.5096153846153846 0.1971153846153846 0.3713942307692308
2 0.22596153846153846 0.5961538461538461 0.11538461538461539 0.1935096153846154
2 0.609375 0.3713942307692308 0.6502403846153846 0.25961538461538464
2 0.8762019230769231 0.5516826923076923 0.11538461538461539 0.10096153846153846
2 0.734375 0.6021634615384616 0.17548076923076922 0.19591346153846154
2 0.5973557692307693 0.5973557692307693 0.0829326923076923 0.18990384615384615
2 0.49278846153846156 0.5997596153846154 0.13822115384615385 0.19951923076923078
2 0.35336538461538464 0.5961538461538461 0.13341346153846154 0.19110576923076922
1 0.14903846153846154 0.31490384615384615 0.0829326923076923 0.026442307692307692
1 0.07692307692307693 0.6165865384615384 0.014423076923076924 0.051682692307692304
1 0.07932692307692307 0.484375 0.019230769230769232 0.04927884615384615
1 0.22235576923076922 0.7043269230769231 0.06009615384615385 0.025240384615384616
1 0.3449519230769231 0.7067307692307693 0.09495192307692307 0.030048076923076924
1 0.5036057692307693 0.9675480769230769 0.05048076923076923 0.030048076923076924
1 0.6117788461538461 0.9663461538461539 0.046875 0.03125
1 0.9423076923076923 0.27884615384615385 0.016826923076923076 0.030048076923076924
1 0.9471153846153846 0.3737980769230769 0.01201923076923077 0.03365384615384615
1 0.9435096153846154 0.46033653846153844 0.015625 0.028846153846153848
1 0.78125 0.2247596153846154 0.04807692307692308 0.02283653846153846
1 0.5288461538461539 0.2283653846153846 0.0625 0.025240384615384616
1 0.38100961538461536 0.22716346153846154 0.06490384615384616 0.014423076923076924
0 0.6598557692307693 0.2091346153846154 0.039663461538461536 0.0625
0 0.5817307692307693 0.5240384615384616 0.04326923076923077 0.05889423076923077
0 0.8197115384615384 0.3954326923076923 0.039663461538461536 0.06129807692307692
0 0.8341346153846154 0.2668269230769231 0.046875 0.04447115384615385
0 0.8725961538461539 0.44350961538461536 0.04927884615384615 0.06009615384615385
0 0.8774038461538461 0.6418269230769231 0.04927884615384615 0.06490384615384616
0 0.7560096153846154 0.6442307692307693 0.051682692307692304 0.06850961538461539
0 0.36177884615384615 0.48197115384615385 0.06129807692307692 0.04807692307692308
0 0.23557692307692307 0.4795673076923077 0.039663461538461536 0.057692307692307696
0 0.23557692307692307 0.2920673076923077 0.04567307692307692 0.07211538461538461
0 0.23076923076923078 0.5264423076923077 0.037259615384615384 0.04326923076923077
0 0.2403846153846154 0.5733173076923077 0.042067307692307696 0.05889423076923077
0 0.18389423076923078 0.6274038461538461 0.046875 0.056490384615384616
0 0.49759615384615385 0.7884615384615384 0.040865384615384616 0.055288461538461536
0 0.390625 0.921875 0.052884615384615384 0.056490384615384616