2 0.21634615384615385 0.15144230769230768 0.2704326923076923 0.24879807692307693
2 0.21514423076923078 0.46033653846153844 0.265625 0.33413461538461536
2 0.5949519230769231 0.3317307692307692 0.47475961538461536 0.6081730769230769
2 0.8629807692307693 0.19230769230769232 0.09735576923076923 0.31490384615384615
2 0.6478365384615384 0.6274038461538461 0.34375 0.5264423076923077
2 0.7355769230769231 0.8004807692307693 0.12860576923076922 0.17908653846153846
2 0.6129807692307693 0.7980769230769231 0.11538461538461539 0.17668269230769232
1 0.8100961538461539 0.15625 0.021634615384615384 0.23918269230769232
1 0.8076923076923077 0.5961538461538461 0.006009615384615385 0.20793269230769232
1 0.8088942307692307 0.7680288461538461 0.016826923076923076 0.11538461538461539
1 0.078125 0.15384615384615385 0.01201923076923077 0.18389423076923078
1 0.08173076923076923 0.4230769230769231 0.01201923076923077 0.14783653846153846
1 0.07932692307692307 0.5516826923076923 0.013221153846153846 0.0733173076923077
0 0.375 0.24639423076923078 0.06610576923076923 0.07451923076923077
0 0.38100961538461536 0.40865384615384615 0.0733173076923077 0.08413461538461539
0 0.8112980769230769 0.30649038461538464 0.12620192307692307 0.08533653846153846
0 0.7451923076923077 0.6706730769230769 0.056490384615384616 0.08413461538461539
0 0.3954326923076923 0.6754807692307693 0.06850961538461539 0.09615384615384616
0 0.4495192307692308 0.7331730769230769 0.07692307692307693 0.09134615384615384
0 0.5420673076923077 0.7932692307692307 0.056490384615384616 0.06129807692307692
0 0.3701923076923077 0.5985576923076923 0.056490384615384616 0.05048076923076923