2 0.18269230769230768 0.12860576923076922 0.24639423076923078 0.140625
2 0.21875 0.453125 0.3605769230769231 0.45913461538461536
2 0.21754807692307693 0.8269230769230769 0.3629807692307692 0.265625
2 0.5372596153846154 0.8870192307692307 0.25841346153846156 0.13822115384615385
2 0.5853365384615384 0.6971153846153846 0.35697115384615385 0.20192307692307693
2 0.8689903846153846 0.7103365384615384 0.1658653846153846 0.12620192307692307
2 0.8209134615384616 0.40024038461538464 0.27163461538461536 0.3545673076923077
2 0.5396634615384616 0.39903846153846156 0.2536057692307692 0.34975961538461536
1 0.17908653846153846 0.056490384615384616 0.2439903846153846 0.027644230769230768
1 0.14182692307692307 0.21394230769230768 0.14783653846153846 0.03125
1 0.02403846153846154 0.5853365384615384 0.010817307692307692 0.09975961538461539
1 0.021634615384615384 0.8185096153846154 0.03245192307692308 0.17307692307692307
1 0.5360576923076923 0.20793269230769232 0.15625 0.027644230769230768
1 0.8245192307692307 0.2127403846153846 0.1658653846153846 0.028846153846153848
0 0.7223557692307693 0.5564903846153846 0.06971153846153846 0.08052884615384616
0 0.6237980769230769 0.5564903846153846 0.06971153846153846 0.0733173076923077
0 0.7536057692307693 0.7307692307692307 0.07572115384615384 0.06610576923076923
0 0.734375 0.8209134615384616 0.09375 0.16466346153846154
0 0.5096153846153846 0.7788461538461539 0.0673076923076923 0.09375
0 0.37259615384615385 0.6382211538461539 0.06370192307692307 0.06971153846153846
0 0.36778846153846156 0.7331730769230769 0.078125 0.0733173076923077
0 0.265625 0.21634615384615385 0.09134615384615384 0.1971153846153846