2 0.48197115384615385 0.16826923076923078 0.7956730769230769 0.15504807692307693
2 0.49038461538461536 0.5612980769230769 0.7884615384615384 0.5769230769230769
2 0.24519230769230768 0.6370192307692307 0.3161057692307692 0.14543269230769232
2 0.3485576923076923 0.7884615384615384 0.11298076923076923 0.13581730769230768
2 0.18269230769230768 0.7896634615384616 0.1778846153846154 0.1141826923076923
1 0.27403846153846156 0.25961538461538464 0.22956730769230768 0.016826923076923076
1 0.5697115384615384 0.2548076923076923 0.22235576923076922 0.014423076923076924
1 0.5012019230769231 0.8966346153846154 0.1201923076923077 0.0985576923076923
1 0.4651442307692308 0.7776442307692307 0.12259615384615384 0.06490384615384616
1 0.48197115384615385 0.6670673076923077 0.15745192307692307 0.06129807692307692
1 0.21514423076923078 0.6875 0.12860576923076922 0.07451923076923077
1 0.7451923076923077 0.22235576923076922 0.13341346153846154 0.10096153846153846