2 0.5084134615384616 0.12259615384615384 0.8725961538461539 0.17067307692307693
2 0.24158653846153846 0.35697115384615385 0.36658653846153844 0.25841346153846156
2 0.6838942307692307 0.5432692307692307 0.5192307692307693 0.6394230769230769
2 0.2439903846153846 0.703125 0.36177884615384615 0.3076923076923077
2 0.3449519230769231 0.7944711538461539 0.14302884615384615 0.14543269230769232
0 0.5228365384615384 0.9122596153846154 0.14423076923076922 0.09975961538461539
0 0.47475961538461536 0.7884615384615384 0.1310096153846154 0.07932692307692307
0 0.49278846153846156 0.6598557692307693 0.15865384615384615 0.08653846153846154
0 0.5841346153846154 0.17548076923076922 0.125 0.10576923076923077
1 0.27884615384615385 0.22235576923076922 0.25841346153846156 0.04326923076923077
1 0.7572115384615384 0.22355769230769232 0.21995192307692307 0.02283653846153846