1 0.2512019230769231 0.13341346153846154 0.09495192307692307 0.04927884615384615
1 0.38341346153846156 0.13341346153846154 0.10096153846153846 0.042067307692307696
1 0.7247596153846154 0.13822115384615385 0.057692307692307696 0.046875
1 0.7824519230769231 0.28365384615384615 0.021634615384615384 0.1935096153846154
1 0.7884615384615384 0.7439903846153846 0.027644230769230768 0.20072115384615385
2 0.4362980769230769 0.5228365384615384 0.6814903846153846 0.7199519230769231
2 0.40024038461538464 0.33052884615384615 0.14903846153846154 0.3329326923076923
2 0.16105769230769232 0.5697115384615384 0.10576923076923077 0.15625
2 0.16466346153846154 0.7764423076923077 0.14182692307692307 0.21875
0 0.28966346153846156 0.6129807692307693 0.054086538461538464 0.1141826923076923
2 0.8653846153846154 0.5072115384615384 0.14182692307692307 0.7620192307692307
0 0.45072115384615385 0.46033653846153844 0.0625 0.11778846153846154
0 0.7800480769230769 0.4387019230769231 0.12740384615384615 0.11778846153846154
0 0.7680288461538461 0.21394230769230768 0.039663461538461536 0.051682692307692304
0 0.7728365384615384 0.8185096153846154 0.042067307692307696 0.042067307692307696
0 0.2644230769230769 0.7596153846153846 0.06971153846153846 0.09254807692307693
0 0.19591346153846154 0.6875 0.04326923076923077 0.09254807692307693
0 0.28125 0.8509615384615384 0.056490384615384616 0.11298076923076923
0 0.3858173076923077 0.703125 0.04807692307692308 0.11057692307692307
0 0.2824519230769231 0.1658653846153846 0.019230769230769232 0.057692307692307696
0 0.35096153846153844 0.16706730769230768 0.02283653846153846 0.052884615384615384