2 0.14903846153846154 0.1778846153846154 0.12379807692307693 0.20432692307692307
2 0.2644230769230769 0.13942307692307693 0.0889423076923077 0.1201923076923077
2 0.26322115384615385 0.33533653846153844 0.09615384615384616 0.24759615384615385
2 0.27283653846153844 0.5276442307692307 0.08653846153846154 0.12259615384615384
2 0.23918269230769232 0.7175480769230769 0.15144230769230768 0.23557692307692307
2 0.19591346153846154 0.5276442307692307 0.06009615384615385 0.12139423076923077
2 0.09615384615384616 0.6658653846153846 0.10576923076923077 0.3762019230769231
2 0.14903846153846154 0.3629807692307692 0.12259615384615384 0.15144230769230768
2 0.49158653846153844 0.44711538461538464 0.23076923076923078 0.7596153846153846
2 0.43990384615384615 0.36538461538461536 0.13341346153846154 0.15985576923076922
2 0.43990384615384615 0.171875 0.12860576923076922 0.21514423076923078
2 0.39302884615384615 0.6538461538461539 0.09735576923076923 0.3629807692307692
2 0.7163461538461539 0.2548076923076923 0.13221153846153846 0.3870192307692308
2 0.8305288461538461 0.2548076923076923 0.09615384615384616 0.36778846153846156
2 0.8509615384615384 0.38100961538461536 0.04807692307692308 0.1201923076923077
2 0.7992788461538461 0.6442307692307693 0.15625 0.3629807692307692
1 0.078125 0.15504807692307693 0.015625 0.10697115384615384
1 0.07692307692307693 0.29086538461538464 0.007211538461538462 0.07932692307692307
1 0.3701923076923077 0.15504807692307693 0.010817307692307692 0.1045673076923077
1 0.3713942307692308 0.2824519230769231 0.009615384615384616 0.08052884615384616
1 0.4855769230769231 0.06490384615384616 0.039663461538461536 0.02403846153846154
1 0.578125 0.06610576923076923 0.037259615384615384 0.02283653846153846
1 0.7548076923076923 0.06129807692307692 0.042067307692307696 0.016826923076923076
1 0.8798076923076923 0.2548076923076923 0.009615384615384616 0.08533653846153846
1 0.8810096153846154 0.390625 0.009615384615384616 0.03245192307692308
1 0.8509615384615384 0.057692307692307696 0.04447115384615385 0.02283653846153846
1 0.6442307692307693 0.14903846153846154 0.008413461538461538 0.09134615384615384
1 0.6454326923076923 0.2920673076923077 0.009615384615384616 0.09375
1 0.6057692307692307 0.10336538461538461 0.010817307692307692 0.036057692307692304
1 0.6045673076923077 0.2548076923076923 0.013221153846153846 0.07451923076923077
1 0.5228365384615384 0.8341346153846154 0.046875 0.016826923076923076
0 0.41225961538461536 0.4807692307692308 0.03245192307692308 0.06971153846153846
0 0.3918269230769231 0.3137019230769231 0.028846153846153848 0.051682692307692304
0 0.5432692307692307 0.04447115384615385 0.036057692307692304 0.0673076923076923
0 0.8161057692307693 0.039663461538461536 0.028846153846153848 0.057692307692307696
0 0.8485576923076923 0.31009615384615385 0.02403846153846154 0.042067307692307696
0 0.796875 0.21394230769230768 0.03365384615384615 0.04927884615384615
0 0.7956730769230769 0.38100961538461536 0.028846153846153848 0.042067307692307696
0 0.8028846153846154 0.3954326923076923 0.027644230769230768 0.06370192307692307
0 0.21754807692307693 0.5048076923076923 0.03125 0.056490384615384616
0 0.12259615384615384 0.4963942307692308 0.03365384615384615 0.07451923076923077
0 0.20072115384615385 0.41947115384615385 0.03245192307692308 0.04567307692307692
0 0.10817307692307693 0.328125 0.039663461538461536 0.06610576923076923
0 0.19591346153846154 0.12259615384615384 0.02403846153846154 0.05889423076923077
0 0.5769230769230769 0.6923076923076923 0.025240384615384616 0.046875
0 0.18028846153846154 0.7235576923076923 0.030048076923076924 0.04927884615384615
0 0.18269230769230768 0.6201923076923077 0.026442307692307692 0.04807692307692308