2 0.3954326923076923 0.421875 0.45552884615384615 0.4206730769230769
2 0.7391826923076923 0.53125 0.1814903846153846 0.6382211538461539
2 0.3786057692307692 0.7379807692307693 0.48677884615384615 0.21875
2 0.45552884615384615 0.9278846153846154 0.29086538461538464 0.14423076923076922
2 0.7235576923076923 0.9314903846153846 0.2283653846153846 0.13701923076923078
2 0.05889423076923077 0.5432692307692307 0.11778846153846154 0.6394230769230769
1 0.26322115384615385 0.15745192307692307 0.07091346153846154 0.03485576923076923
1 0.44591346153846156 0.1658653846153846 0.06850961538461539 0.030048076923076924
1 0.5649038461538461 0.17067307692307693 0.0673076923076923 0.027644230769230768
1 0.7451923076923077 0.17307692307692307 0.07451923076923077 0.03125
0 0.2764423076923077 0.6814903846153846 0.06370192307692307 0.0889423076923077
0 0.5036057692307693 0.6862980769230769 0.06129807692307692 0.07692307692307693
0 0.6418269230769231 0.3329326923076923 0.0733173076923077 0.09615384615384616
0 0.036057692307692304 0.9182692307692307 0.06370192307692307 0.09375
0 0.026442307692307692 0.8245192307692307 0.052884615384615384 0.08173076923076923
0 0.4170673076923077 0.9699519230769231 0.078125 0.06009615384615385