2 0.4795673076923077 0.14543269230769232 0.7572115384615384 0.2536057692307692
2 0.4723557692307692 0.5853365384615384 0.7463942307692307 0.5925480769230769
2 0.5973557692307693 0.5841346153846154 0.12740384615384615 0.0829326923076923
2 0.6923076923076923 0.7115384615384616 0.31850961538461536 0.3389423076923077
2 0.21033653846153846 0.6971153846153846 0.18509615384615385 0.18629807692307693
2 0.21995192307692307 0.8317307692307693 0.17908653846153846 0.08413461538461539
0 0.46033653846153844 0.9170673076923077 0.11778846153846154 0.0673076923076923
0 0.4483173076923077 0.8149038461538461 0.13822115384615385 0.06009615384615385
0 0.2668269230769231 0.5661057692307693 0.1141826923076923 0.04567307692307692
0 0.48677884615384615 0.24639423076923078 0.09254807692307693 0.046875
0 0.49158653846153844 0.6033653846153846 0.13341346153846154 0.046875
0 0.3762019230769231 0.6622596153846154 0.11057692307692307 0.04807692307692308
0 0.5769230769230769 0.6935096153846154 0.11899038461538461 0.051682692307692304
0 0.734375 0.6814903846153846 0.0889423076923077 0.051682692307692304
0 0.2608173076923077 0.7668269230769231 0.09495192307692307 0.037259615384615384
1 0.6430288461538461 0.890625 0.14903846153846154 0.013221153846153846
1 0.21995192307692307 0.8894230769230769 0.06971153846153846 0.01201923076923077
1 0.24158653846153846 0.2776442307692308 0.14543269230769232 0.018028846153846152
1 0.49399038461538464 0.28365384615384615 0.11899038461538461 0.026442307692307692
1 0.6394230769230769 0.27403846153846156 0.15504807692307693 0.021634615384615384