2 0.07692307692307693 0.2776442307692308 0.09615384615384616 0.17307692307692307
2 0.19951923076923078 0.27283653846153844 0.1346153846153846 0.15264423076923078
2 0.2620192307692308 0.3701923076923077 0.07572115384615384 0.08774038461538461
2 0.19230769230769232 0.36538461538461536 0.06009615384615385 0.0829326923076923
2 0.0985576923076923 0.46634615384615385 0.12860576923076922 0.18990384615384615
2 0.2848557692307692 0.6129807692307693 0.24519230769230768 0.24278846153846154
2 0.15745192307692307 0.6983173076923077 0.25 0.25841346153846156
2 0.4495192307692308 0.6057692307692307 0.07572115384615384 0.22235576923076922
2 0.3245192307692308 0.453125 0.32572115384615385 0.07091346153846154
2 0.3954326923076923 0.30649038461538464 0.18028846153846154 0.22355769230769232
2 0.609375 0.30528846153846156 0.17307692307692307 0.21875
2 0.7584134615384616 0.28125 0.11057692307692307 0.16826923076923078
2 0.8954326923076923 0.30528846153846156 0.14783653846153846 0.21875
2 0.7487980769230769 0.5889423076923077 0.4495192307692308 0.4483173076923077
2 0.875 0.6165865384615384 0.18990384615384615 0.2283653846153846
2 0.8713942307692307 0.7776442307692307 0.18870192307692307 0.09495192307692307
1 0.6237980769230769 0.19110576923076922 0.07692307692307693 0.018028846153846152
1 0.7632211538461539 0.19591346153846154 0.038461538461538464 0.021634615384615384
1 0.9182692307692307 0.1935096153846154 0.07932692307692307 0.014423076923076924
1 0.8329326923076923 0.7355769230769231 0.08533653846153846 0.01201923076923077
1 0.6550480769230769 0.8305288461538461 0.18028846153846154 0.008413461538461538
1 0.14903846153846154 0.8305288461538461 0.16826923076923078 0.021634615384615384
1 0.23076923076923078 0.19471153846153846 0.109375 0.013221153846153846
1 0.10096153846153846 0.19110576923076922 0.036057692307692304 0.01201923076923077
1 0.48677884615384615 0.3076923076923077 0.01201923076923077 0.1045673076923077
0 0.14302884615384615 0.265625 0.04807692307692308 0.06129807692307692
0 0.24519230769230768 0.3016826923076923 0.04326923076923077 0.05048076923076923
0 0.33052884615384615 0.39302884615384615 0.04326923076923077 0.06971153846153846
0 0.4387019230769231 0.4675480769230769 0.05048076923076923 0.06971153846153846
0 0.3329326923076923 0.515625 0.040865384615384616 0.057692307692307696
0 0.25 0.43990384615384615 0.04567307692307692 0.06129807692307692
0 0.20192307692307693 0.4375 0.036057692307692304 0.054086538461538464
0 0.17307692307692307 0.4651442307692308 0.037259615384615384 0.051682692307692304
0 0.265625 0.6057692307692307 0.054086538461538464 0.06850961538461539
0 0.32572115384615385 0.7139423076923077 0.055288461538461536 0.16826923076923078
0 0.8449519230769231 0.39783653846153844 0.046875 0.07572115384615384
0 0.8425480769230769 0.5204326923076923 0.051682692307692304 0.06490384615384616
0 0.796875 0.7764423076923077 0.056490384615384616 0.06129807692307692
0 0.7620192307692307 0.3401442307692308 0.04326923076923077 0.05048076923076923
0 0.7992788461538461 0.3942307692307692 0.046875 0.0673076923076923