2 0.27884615384615385 0.453125 0.4326923076923077 0.7692307692307693
2 0.6454326923076923 0.22355769230769232 0.28125 0.30649038461538464
2 0.8665865384615384 0.2247596153846154 0.15745192307692307 0.32211538461538464
2 0.8293269230769231 0.5360576923076923 0.22355769230769232 0.29086538461538464
2 0.7259615384615384 0.6165865384615384 0.43509615384615385 0.44350961538461536
1 0.1201923076923077 0.05048076923076923 0.12620192307692307 0.038461538461538464
1 0.046875 0.11298076923076923 0.03125 0.08173076923076923
1 0.625 0.052884615384615384 0.109375 0.037259615384615384
1 0.9026442307692307 0.04807692307692308 0.0625 0.03485576923076923
0 0.6826923076923077 0.5384615384615384 0.08413461538461539 0.12379807692307693
0 0.8786057692307693 0.9002403846153846 0.08774038461538461 0.14903846153846154