2 0.21875 0.11057692307692307 0.26802884615384615 0.19230769230769232
2 0.21033653846153846 0.3317307692307692 0.25841346153846156 0.2548076923076923
2 0.21153846153846154 0.5612980769230769 0.2620192307692308 0.1875
2 0.40865384615384615 0.07451923076923077 0.1141826923076923 0.1141826923076923
2 0.5973557692307693 0.1045673076923077 0.3449519230769231 0.18269230769230768
2 0.8365384615384616 0.3317307692307692 0.09975961538461539 0.24759615384615385
2 0.5612980769230769 0.4987980769230769 0.42427884615384615 0.7211538461538461
2 0.6598557692307693 0.5528846153846154 0.22355769230769232 0.19951923076923078
2 0.5516826923076923 0.9206730769230769 0.23798076923076922 0.12139423076923077
2 0.7247596153846154 0.9278846153846154 0.09375 0.1310096153846154
1 0.78125 0.9411057692307693 0.018028846153846152 0.06971153846153846
1 0.7788461538461539 0.7596153846153846 0.018028846153846152 0.09254807692307693
1 0.78125 0.5649038461538461 0.019230769230769232 0.09254807692307693
1 0.7848557692307693 0.3088942307692308 0.020432692307692308 0.13822115384615385
1 0.7788461538461539 0.10576923076923077 0.02283653846153846 0.09495192307692307
0 0.8040865384615384 0.40024038461538464 0.06610576923076923 0.05889423076923077
0 0.4879807692307692 0.10096153846153846 0.056490384615384616 0.040865384615384616
0 0.45072115384615385 0.171875 0.05048076923076923 0.040865384615384616
0 0.32211538461538464 0.17307692307692307 0.052884615384615384 0.04326923076923077
0 0.3245192307692308 0.24519230769230768 0.051682692307692304 0.054086538461538464
0 0.32211538461538464 0.6213942307692307 0.051682692307692304 0.04326923076923077
0 0.3942307692307692 0.6887019230769231 0.056490384615384616 0.0673076923076923
0 0.46033653846153844 0.75 0.037259615384615384 0.042067307692307696
0 0.6394230769230769 0.8365384615384616 0.04807692307692308 0.05048076923076923
0 0.6574519230769231 0.8942307692307693 0.054086538461538464 0.03245192307692308
1 0.07692307692307693 0.12740384615384615 0.020432692307692308 0.11177884615384616
1 0.07572115384615384 0.29447115384615385 0.015625 0.11658653846153846
1 0.07572115384615384 0.5588942307692307 0.018028846153846152 0.09495192307692307