2 0.09975961538461539 0.13221153846153846 0.1201923076923077 0.20072115384615385
2 0.13942307692307693 0.32572115384615385 0.2091346153846154 0.1814903846153846
2 0.2403846153846154 0.13822115384615385 0.1658653846153846 0.20432692307692307
2 0.2704326923076923 0.21514423076923078 0.10336538461538461 0.051682692307692304
2 0.28725961538461536 0.30528846153846156 0.07451923076923077 0.14423076923076922
2 0.29927884615384615 0.39663461538461536 0.042067307692307696 0.038461538461538464
2 0.3233173076923077 0.4699519230769231 0.13221153846153846 0.09615384615384616
2 0.38822115384615385 0.35697115384615385 0.12860576923076922 0.11899038461538461
2 0.38822115384615385 0.16466346153846154 0.1310096153846154 0.25
2 0.6334134615384616 0.07572115384615384 0.27403846153846156 0.08413461538461539
2 0.7103365384615384 0.21153846153846154 0.12379807692307693 0.2704326923076923
2 0.5697115384615384 0.23317307692307693 0.14302884615384615 0.23557692307692307
2 0.7019230769230769 0.35096153846153844 0.4074519230769231 0.13581730769230768
2 0.8389423076923077 0.15504807692307693 0.12980769230769232 0.24639423076923078
2 0.5865384615384616 0.5324519230769231 0.171875 0.1466346153846154
2 0.5721153846153846 0.609375 0.14182692307692307 0.07211538461538461
2 0.6394230769230769 0.7403846153846154 0.27884615384615385 0.16826923076923078
2 0.8713942307692307 0.6742788461538461 0.06490384615384616 0.05048076923076923
2 0.875 0.7439903846153846 0.0733173076923077 0.06610576923076923
2 0.8725961538461539 0.5564903846153846 0.06370192307692307 0.18028846153846154
2 0.84375 0.6442307692307693 0.1201923076923077 0.3713942307692308
1 0.1346153846153846 0.037259615384615384 0.036057692307692304 0.015625
1 0.2439903846153846 0.03245192307692308 0.06971153846153846 0.015625
1 0.35336538461538464 0.03125 0.03245192307692308 0.018028846153846152
1 0.03485576923076923 0.12740384615384615 0.007211538461538462 0.07211538461538461
1 0.14302884615384615 0.421875 0.09495192307692307 0.013221153846153846
1 0.45552884615384615 0.19230769230769232 0.004807692307692308 0.08413461538461539
1 0.35096153846153844 0.4206730769230769 0.04567307692307692 0.018028846153846152
1 0.4987980769230769 0.2439903846153846 0.010817307692307692 0.10336538461538461
1 0.9098557692307693 0.24639423076923078 0.018028846153846152 0.14543269230769232
1 0.703125 0.46033653846153844 0.04567307692307692 0.013221153846153846
1 0.5925480769230769 0.4579326923076923 0.027644230769230768 0.016826923076923076
1 0.49759615384615385 0.5036057692307693 0.009615384615384616 0.04326923076923077
1 0.5661057692307693 0.8317307692307693 0.03245192307692308 0.007211538461538462
1 0.6298076923076923 0.8293269230769231 0.038461538461538464 0.016826923076923076
1 0.9086538461538461 0.6189903846153846 0.013221153846153846 0.037259615384615384
1 0.9098557692307693 0.8040865384615384 0.009615384615384616 0.040865384615384616
2 0.7824519230769231 0.8846153846153846 0.12139423076923077 0.09735576923076923
2 0.3245192307692308 0.46875 0.1201923076923077 0.09615384615384616