2 0.1466346153846154 0.21033653846153846 0.13221153846153846 0.27403846153846156
2 0.5144230769230769 0.6346153846153846 0.8125 0.5420673076923077
2 0.8305288461538461 0.7860576923076923 0.17307692307692307 0.1778846153846154
2 0.765625 0.20552884615384615 0.3088942307692308 0.2668269230769231
2 0.38341346153846156 0.2091346153846154 0.3269230769230769 0.27403846153846156
1 0.10336538461538461 0.5252403846153846 0.013221153846153846 0.28846153846153844
1 0.9230769230769231 0.21394230769230768 0.013221153846153846 0.27283653846153844
1 0.9254807692307693 0.4963942307692308 0.015625 0.2704326923076923
1 0.9266826923076923 0.8425480769230769 0.009615384615384616 0.0625
0 0.6550480769230769 0.8822115384615384 0.078125 0.17067307692307693
0 0.7235576923076923 0.8365384615384616 0.078125 0.0733173076923077
0 0.6550480769230769 0.3293269230769231 0.06370192307692307 0.09254807692307693
0 0.5084134615384616 0.32211538461538464 0.0625 0.09495192307692307
0 0.15865384615384615 0.32091346153846156 0.07091346153846154 0.0889423076923077