2 0.15865384615384615 0.2980769230769231 0.09134615384615384 0.32211538461538464
2 0.5853365384615384 0.47115384615384615 0.7271634615384616 0.6706730769230769
2 0.8088942307692307 0.29927884615384615 0.2848557692307692 0.3173076923076923
2 0.7115384615384616 0.6959134615384616 0.09615384615384616 0.20673076923076922
1 0.9579326923076923 0.6418269230769231 0.018028846153846152 0.17067307692307693
1 0.9579326923076923 0.3076923076923077 0.014423076923076924 0.17427884615384615
1 0.21394230769230768 0.25841346153846156 0.018028846153846152 0.15144230769230768
0 0.2091346153846154 0.3918269230769231 0.13221153846153846 0.09134615384615384
0 0.609375 0.38100961538461536 0.054086538461538464 0.08052884615384616
0 0.6790865384615384 0.41225961538461536 0.0733173076923077 0.08533653846153846
0 0.6394230769230769 0.7019230769230769 0.0625 0.09134615384615384
0 0.6213942307692307 0.8197115384615384 0.06009615384615385 0.18028846153846154