2 0.20673076923076922 0.25240384615384615 0.2704326923076923 0.21153846153846154
2 0.5673076923076923 0.4855769230769231 0.45072115384615385 0.671875
2 0.20552884615384615 0.48197115384615385 0.26802884615384615 0.2127403846153846
2 0.20552884615384615 0.7055288461538461 0.27283653846153844 0.22355769230769232
2 0.8485576923076923 0.2932692307692308 0.11298076923076923 0.28725961538461536
2 0.38341346153846156 0.21394230769230768 0.1201923076923077 0.14302884615384615
0 0.38341346153846156 0.31971153846153844 0.0625 0.06370192307692307
0 0.3173076923076923 0.33413461538461536 0.0625 0.07451923076923077
0 0.31971153846153844 0.40625 0.056490384615384616 0.054086538461538464
0 0.32211538461538464 0.640625 0.06009615384615385 0.078125
0 0.38221153846153844 0.8305288461538461 0.06490384615384616 0.15625
0 0.7992788461538461 0.36538461538461536 0.11177884615384616 0.0733173076923077
1 0.06490384615384616 0.2512019230769231 0.015625 0.11658653846153846
1 0.0673076923076923 0.4855769230769231 0.021634615384615384 0.12620192307692307
1 0.0673076923076923 0.7127403846153846 0.020432692307692308 0.12259615384615384