2 0.12379807692307693 0.10576923076923077 0.19471153846153846 0.11177884615384616
2 0.36899038461538464 0.18028846153846154 0.09495192307692307 0.20793269230769232
2 0.27163461538461536 0.1778846153846154 0.08774038461538461 0.20432692307692307
2 0.22115384615384615 0.30528846153846156 0.3894230769230769 0.2512019230769231
2 0.12259615384615384 0.38221153846153844 0.05889423076923077 0.09375
2 0.47596153846153844 0.3605769230769231 0.10216346153846154 0.171875
2 0.3786057692307692 0.5396634615384616 0.11658653846153846 0.11899038461538461
2 0.4879807692307692 0.6129807692307693 0.0829326923076923 0.20552884615384615
2 0.5841346153846154 0.6105769230769231 0.09495192307692307 0.20432692307692307
2 0.5949519230769231 0.7944711538461539 0.07211538461538461 0.14903846153846154
2 0.5 0.7956730769230769 0.11298076923076923 0.14302884615384615
2 0.39903846153846156 0.7932692307692307 0.0829326923076923 0.15144230769230768
2 0.30528846153846156 0.7956730769230769 0.12259615384615384 0.14543269230769232
2 0.2980769230769231 0.6634615384615384 0.11658653846153846 0.10096153846153846
2 0.39903846153846156 0.6646634615384616 0.08413461538461539 0.10216346153846154
2 0.6262019230769231 0.30528846153846156 0.12620192307692307 0.2536057692307692
2 0.7259615384615384 0.30649038461538464 0.06850961538461539 0.25600961538461536
2 0.7956730769230769 0.38822115384615385 0.05889423076923077 0.08774038461538461
2 0.859375 0.3629807692307692 0.1875 0.14903846153846154
2 0.8870192307692307 0.1814903846153846 0.12259615384615384 0.20552884615384615
2 0.7920673076923077 0.18028846153846154 0.056490384615384616 0.20072115384615385
1 0.8329326923076923 0.07091346153846154 0.013221153846153846 0.014423076923076924
1 0.8557692307692307 0.06850961538461539 0.015625 0.01201923076923077
1 0.9567307692307693 0.25240384615384615 0.008413461538461538 0.036057692307692304
1 0.9567307692307693 0.3076923076923077 0.008413461538461538 0.038461538461538464
1 0.26322115384615385 0.07211538461538461 0.025240384615384616 0.020432692307692308
1 0.30288461538461536 0.06971153846153846 0.016826923076923076 0.009615384615384616
1 0.36899038461538464 0.06971153846153846 0.08052884615384616 0.01201923076923077
1 0.4206730769230769 0.25 0.009615384615384616 0.036057692307692304
1 0.41947115384615385 0.3137019230769231 0.01201923076923077 0.039663461538461536
1 0.3329326923076923 0.4387019230769231 0.03365384615384615 0.018028846153846152
1 0.12259615384615384 0.4375 0.018028846153846152 0.013221153846153846
1 0.02283653846153846 0.25721153846153844 0.008413461538461538 0.08774038461538461
1 0.23798076923076922 0.7668269230769231 0.009615384615384616 0.039663461538461536
1 0.23677884615384615 0.6959134615384616 0.009615384615384616 0.030048076923076924
1 0.27163461538461536 0.6045673076923077 0.021634615384615384 0.01201923076923077
1 0.3112980769230769 0.6033653846153846 0.02283653846153846 0.016826923076923076
1 0.36899038461538464 0.6081730769230769 0.026442307692307692 0.02283653846153846
1 0.4050480769230769 0.6057692307692307 0.02403846153846154 0.016826923076923076
1 0.49278846153846156 0.5024038461538461 0.05889423076923077 0.015625
1 0.5480769230769231 0.5048076923076923 0.020432692307692308 0.016826923076923076
1 0.5588942307692307 0.28125 0.007211538461538462 0.03365384615384615
1 0.8653846153846154 0.4387019230769231 0.015625 0.015625
0 0.21394230769230768 0.13341346153846154 0.037259615384615384 0.046875
0 0.328125 0.10576923076923077 0.03125 0.04567307692307692
0 0.4338942307692308 0.3605769230769231 0.040865384615384616 0.04807692307692308
0 0.08413461538461539 0.3954326923076923 0.03245192307692308 0.042067307692307696
0 0.06610576923076923 0.46634615384615385 0.03125 0.0625
0 0.2283653846153846 0.6646634615384616 0.039663461538461536 0.04927884615384615
0 0.3449519230769231 0.6730769230769231 0.030048076923076924 0.046875
0 0.29447115384615385 0.7439903846153846 0.026442307692307692 0.055288461538461536
0 0.40024038461538464 0.7379807692307693 0.02403846153846154 0.051682692307692304
0 0.42788461538461536 0.5625 0.036057692307692304 0.06009615384615385
0 0.4519230769230769 0.6526442307692307 0.03125 0.039663461538461536
0 0.46153846153846156 0.6947115384615384 0.027644230769230768 0.056490384615384616
0 0.6033653846153846 0.7007211538461539 0.026442307692307692 0.04567307692307692
0 0.5456730769230769 0.5504807692307693 0.028846153846153848 0.040865384615384616
0 0.7908653846153846 0.265625 0.026442307692307692 0.052884615384615384
0 0.8822115384615384 0.2668269230769231 0.03245192307692308 0.052884615384615384
0 0.9495192307692307 0.3641826923076923 0.03125 0.042067307692307696
0 0.8425480769230769 0.3762019230769231 0.038461538461538464 0.04807692307692308
0 0.7764423076923077 0.3112980769230769 0.03365384615384615 0.042067307692307696