2 0.2860576923076923 0.10336538461538461 0.4387019230769231 0.15264423076923078
2 0.6850961538461539 0.12740384615384615 0.27283653846153844 0.09495192307692307
2 0.31971153846153844 0.3245192307692308 0.33774038461538464 0.25721153846153844
2 0.23677884615384615 0.5480769230769231 0.16826923076923078 0.17908653846153846
2 0.4110576923076923 0.5456730769230769 0.15264423076923078 0.18269230769230768
2 0.19591346153846154 0.5036057692307693 0.09735576923076923 0.09134615384615384
0 0.28125 0.6742788461538461 0.0673076923076923 0.06610576923076923
0 0.23557692307692307 0.7379807692307693 0.0733173076923077 0.052884615384615384
2 0.14302884615384615 0.7127403846153846 0.11177884615384616 0.11899038461538461
2 0.14543269230769232 0.8389423076923077 0.11538461538461539 0.12139423076923077
2 0.703125 0.27524038461538464 0.25961538461538464 0.15985576923076922
2 0.8762019230769231 0.27403846153846156 0.07692307692307693 0.16105769230769232
2 0.6923076923076923 0.4074519230769231 0.22235576923076922 0.09254807692307693
2 0.8629807692307693 0.4987980769230769 0.0985576923076923 0.265625
2 0.6935096153846154 0.5456730769230769 0.21394230769230768 0.17668269230769232
1 0.3173076923076923 0.18870192307692307 0.07572115384615384 0.015625
1 0.43509615384615385 0.18870192307692307 0.07932692307692307 0.018028846153846152
1 0.6742788461538461 0.18389423076923078 0.078125 0.015625
1 0.8774038461538461 0.18990384615384615 0.056490384615384616 0.018028846153846152
1 0.8401442307692307 0.6430288461538461 0.06009615384615385 0.020432692307692308
1 0.6935096153846154 0.6430288461538461 0.09014423076923077 0.018028846153846152
1 0.4182692307692308 0.6478365384615384 0.04447115384615385 0.018028846153846152
0 0.24158653846153846 0.16105769230769232 0.07451923076923077 0.07091346153846154
0 0.7536057692307693 0.1622596153846154 0.07091346153846154 0.06610576923076923
0 0.8076923076923077 0.2932692307692308 0.06490384615384616 0.042067307692307696
0 0.7716346153846154 0.3425480769230769 0.0733173076923077 0.055288461538461536
0 0.7776442307692307 0.4206730769230769 0.0673076923076923 0.039663461538461536
0 0.7752403846153846 0.4795673076923077 0.06490384615384616 0.04927884615384615
0 0.8377403846153846 0.546875 0.04447115384615385 0.04447115384615385
0 0.2764423076923077 0.49158653846153844 0.07211538461538461 0.05048076923076923