2 0.7067307692307693 0.11899038461538461 0.41947115384615385 0.1778846153846154
2 0.5252403846153846 0.4723557692307692 0.7896634615384616 0.5060096153846154
2 0.22596153846153846 0.5372596153846154 0.20072115384615385 0.14423076923076922
2 0.22596153846153846 0.6670673076923077 0.20793269230769232 0.10216346153846154
2 0.46274038461538464 0.7788461538461539 0.23317307692307693 0.08774038461538461
2 0.47115384615384615 0.8966346153846154 0.21033653846153846 0.140625
2 0.44471153846153844 0.6935096153846154 0.1971153846153846 0.054086538461538464
0 0.6117788461538461 0.1971153846153846 0.10336538461538461 0.07091346153846154
0 0.36778846153846156 0.5324519230769231 0.09735576923076923 0.051682692307692304
0 0.23197115384615385 0.5913461538461539 0.07692307692307693 0.054086538461538464
0 0.4795673076923077 0.6370192307692307 0.10216346153846154 0.0673076923076923
0 0.46153846153846156 0.7475961538461539 0.109375 0.06971153846153846
0 0.47716346153846156 0.8064903846153846 0.09615384615384616 0.057692307692307696
1 0.28365384615384615 0.7271634615384616 0.057692307692307696 0.015625
1 0.6694711538461539 0.7283653846153846 0.10576923076923077 0.01201923076923077
1 0.7800480769230769 0.7283653846153846 0.051682692307692304 0.016826923076923076
1 0.7223557692307693 0.21875 0.109375 0.014423076923076924
1 0.8125 0.21995192307692307 0.05048076923076923 0.015625
1 0.33653846153846156 0.21634615384615385 0.10576923076923077 0.014423076923076924
1 0.23798076923076922 0.21875 0.06610576923076923 0.01201923076923077