2 0.19471153846153846 0.4110576923076923 0.11298076923076923 0.6862980769230769
2 0.3641826923076923 0.20192307692307693 0.1622596153846154 0.24759615384615385
2 0.5336538461538461 0.20432692307692307 0.15625 0.25240384615384615
2 0.7259615384615384 0.203125 0.21875 0.2439903846153846
2 0.7620192307692307 0.38822115384615385 0.15264423076923078 0.10336538461538461
2 0.7620192307692307 0.5072115384615384 0.1502403846153846 0.125
2 0.5649038461538461 0.6129807692307693 0.5504807692307693 0.5564903846153846
2 0.6478365384615384 0.7067307692307693 0.10336538461538461 0.09014423076923077
0 0.6538461538461539 0.30528846153846156 0.06129807692307692 0.07572115384615384
0 0.8076923076923077 0.8870192307692307 0.07932692307692307 0.16947115384615385
0 0.7271634615384616 0.6887019230769231 0.06009615384615385 0.0625
0 0.7620192307692307 0.6069711538461539 0.0625 0.06971153846153846
0 0.7620192307692307 0.4795673076923077 0.06370192307692307 0.07451923076923077
1 0.3557692307692308 0.0625 0.04567307692307692 0.03485576923076923
1 0.5504807692307693 0.06490384615384616 0.07692307692307693 0.028846153846153848
1 0.7151442307692307 0.06490384615384616 0.10216346153846154 0.025240384615384616
1 0.265625 0.17427884615384615 0.03485576923076923 0.09254807692307693
1 0.2692307692307692 0.39783653846153844 0.03245192307692308 0.10336538461538461
1 0.26802884615384615 0.6334134615384616 0.030048076923076924 0.10576923076923077
0 0.23798076923076922 0.515625 0.0985576923076923 0.08533653846153846