2 0.5997596153846154 0.31009615384615385 0.18389423076923078 0.484375
2 0.7740384615384616 0.6790865384615384 0.2956730769230769 0.3161057692307692
2 0.8605769230769231 0.7644230769230769 0.12139423076923077 0.14302884615384615
2 0.7524038461538461 0.8004807692307693 0.08774038461538461 0.0733173076923077
2 0.6862980769230769 0.7980769230769231 0.040865384615384616 0.078125
2 0.6454326923076923 0.7992788461538461 0.03485576923076923 0.07572115384615384
2 0.5661057692307693 0.7632211538461539 0.12139423076923077 0.14783653846153846
2 0.5637019230769231 0.6165865384615384 0.1141826923076923 0.12139423076923077
2 0.6610576923076923 0.13341346153846154 0.06610576923076923 0.12980769230769232
2 0.6598557692307693 0.23918269230769232 0.05889423076923077 0.07692307692307693
2 0.65625 0.3125 0.06971153846153846 0.056490384615384616
2 0.6598557692307693 0.43509615384615385 0.06610576923076923 0.17548076923076922
2 0.6802884615384616 0.4879807692307692 0.027644230769230768 0.052884615384615384
2 0.41346153846153844 0.6394230769230769 0.1045673076923077 0.22596153846153846
2 0.265625 0.6358173076923077 0.18870192307692307 0.22115384615384615
2 0.2403846153846154 0.7415865384615384 0.14302884615384615 0.1935096153846154
2 0.2932692307692308 0.7848557692307693 0.03245192307692308 0.10576923076923077
2 0.10817307692307693 0.7415865384615384 0.1141826923076923 0.1971153846153846
2 0.109375 0.5793269230769231 0.11177884615384616 0.11538461538461539
0 0.41225961538461536 0.7908653846153846 0.08533653846153846 0.07451923076923077
0 0.33774038461538464 0.7740384615384616 0.03245192307692308 0.036057692307692304
0 0.33052884615384615 0.7848557692307693 0.037259615384615384 0.039663461538461536
0 0.2644230769230769 0.7788461538461539 0.027644230769230768 0.028846153846153848
0 0.15625 0.7331730769230769 0.03365384615384615 0.040865384615384616
0 0.1971153846153846 0.7223557692307693 0.02283653846153846 0.03485576923076923
0 0.1814903846153846 0.6069711538461539 0.03125 0.03365384615384615
0 0.13581730769230768 0.6526442307692307 0.026442307692307692 0.04326923076923077
0 0.3545673076923077 0.5961538461538461 0.030048076923076924 0.018028846153846152
0 0.35216346153846156 0.6237980769230769 0.039663461538461536 0.03245192307692308
0 0.28846153846153844 0.7644230769230769 0.018028846153846152 0.021634615384615384
0 0.3016826923076923 0.7620192307692307 0.021634615384615384 0.027644230769230768
0 0.7115384615384616 0.10096153846153846 0.03485576923076923 0.04567307692307692
0 0.6153846153846154 0.09495192307692307 0.030048076923076924 0.03365384615384615
0 0.6177884615384616 0.22716346153846154 0.027644230769230768 0.03125
0 0.6706730769230769 0.21033653846153846 0.020432692307692308 0.03125
0 0.6694711538461539 0.2704326923076923 0.019230769230769232 0.03485576923076923
0 0.6971153846153846 0.30408653846153844 0.051682692307692304 0.037259615384615384
0 0.6598557692307693 0.49278846153846156 0.021634615384615384 0.02403846153846154
0 0.7872596153846154 0.5252403846153846 0.039663461538461536 0.08774038461538461
0 0.6502403846153846 0.5384615384615384 0.03125 0.038461538461538464
0 0.640625 0.6129807692307693 0.03125 0.030048076923076924
0 0.5913461538461539 0.6622596153846154 0.028846153846153848 0.026442307692307692
0 0.5841346153846154 0.7163461538461539 0.028846153846153848 0.054086538461538464
0 0.6430288461538461 0.7439903846153846 0.03245192307692308 0.040865384615384616
0 0.6129807692307693 0.7848557692307693 0.03125 0.028846153846153848
0 0.6586538461538461 0.7908653846153846 0.030048076923076924 0.028846153846153848
0 0.6766826923076923 0.7475961538461539 0.026442307692307692 0.03125
0 0.75 0.7487980769230769 0.026442307692307692 0.030048076923076924
0 0.7860576923076923 0.7391826923076923 0.028846153846153848 0.042067307692307696
0 0.6370192307692307 0.859375 0.021634615384615384 0.04447115384615385
1 0.9242788461538461 0.578125 0.006009615384615385 0.06129807692307692
1 0.8413461538461539 0.8389423076923077 0.057692307692307696 0.018028846153846152
1 0.5793269230769231 0.84375 0.055288461538461536 0.013221153846153846
1 0.5036057692307693 0.6189903846153846 0.013221153846153846 0.07211538461538461
1 0.5048076923076923 0.47475961538461536 0.010817307692307692 0.06490384615384616
1 0.12620192307692307 0.8401442307692307 0.052884615384615384 0.014423076923076924
1 0.23677884615384615 0.8425480769230769 0.04807692307692308 0.014423076923076924