2 0.20432692307692307 0.25 0.18870192307692307 0.23076923076923078
2 0.203125 0.41346153846153844 0.18870192307692307 0.07932692307692307
2 0.203125 0.5192307692307693 0.18509615384615385 0.10576923076923077
2 0.20673076923076922 0.7259615384615384 0.18990384615384615 0.29086538461538464
2 0.4050480769230769 0.6418269230769231 0.18990384615384615 0.2704326923076923
2 0.6021634615384616 0.45552884615384615 0.5865384615384616 0.6418269230769231
2 0.5456730769230769 0.703125 0.06850961538461539 0.14543269230769232
2 0.6394230769230769 0.6838942307692307 0.10817307692307693 0.1045673076923077
2 0.6442307692307693 0.7956730769230769 0.10216346153846154 0.08533653846153846
2 0.6875 0.2536057692307692 0.19951923076923078 0.24158653846153846
2 0.8329326923076923 0.19110576923076922 0.1201923076923077 0.12379807692307693
2 0.7944711538461539 0.35216346153846156 0.20192307692307693 0.19591346153846154
2 0.7487980769230769 0.4951923076923077 0.09615384615384616 0.07091346153846154
0 0.6274038461538461 0.10336538461538461 0.06370192307692307 0.07692307692307693
0 0.6129807692307693 0.34615384615384615 0.05889423076923077 0.07572115384615384
0 0.8052884615384616 0.27524038461538464 0.04807692307692308 0.05048076923076923
0 0.7584134615384616 0.36658653846153844 0.06129807692307692 0.0625
0 0.6790865384615384 0.4170673076923077 0.06129807692307692 0.056490384615384616
0 0.6826923076923077 0.5084134615384616 0.05889423076923077 0.052884615384615384
0 0.28125 0.2980769230769231 0.08173076923076923 0.06850961538461539
0 0.2439903846153846 0.3485576923076923 0.056490384615384616 0.06370192307692307
0 0.22716346153846154 0.6033653846153846 0.05889423076923077 0.06850961538461539
0 0.32211538461538464 0.8161057692307693 0.06129807692307692 0.06009615384615385
0 0.48197115384615385 0.5817307692307693 0.0673076923076923 0.0673076923076923
0 0.5540865384615384 0.6033653846153846 0.052884615384615384 0.06490384615384616
0 0.6586538461538461 0.6502403846153846 0.06370192307692307 0.07572115384615384
0 0.6610576923076923 0.7752403846153846 0.06129807692307692 0.07451923076923077
1 0.7932692307692307 0.78125 0.12259615384615384 0.015625
1 0.5480769230769231 0.7848557692307693 0.056490384615384616 0.015625
1 0.41947115384615385 0.7836538461538461 0.12379807692307693 0.020432692307692308
1 0.15865384615384615 0.5793269230769231 0.0673076923076923 0.018028846153846152
1 0.2283653846153846 0.1310096153846154 0.11899038461538461 0.019230769230769232
1 0.43509615384615385 0.12620192307692307 0.21394230769230768 0.01201923076923077
1 0.6971153846153846 0.12740384615384615 0.06850961538461539 0.016826923076923076
1 0.8389423076923077 0.12860576923076922 0.051682692307692304 0.015625