2 0.15264423076923078 0.6286057692307693 0.24879807692307693 0.4495192307692308
2 0.625 0.4543269230769231 0.6826923076923077 0.7932692307692307
0 0.23557692307692307 0.29086538461538464 0.08533653846153846 0.12740384615384615
1 0.09735576923076923 0.38100961538461536 0.09254807692307693 0.039663461538461536
1 0.20552884615384615 0.38461538461538464 0.09134615384615384 0.036057692307692304
1 0.41466346153846156 0.14903846153846154 0.11538461538461539 0.03485576923076923
1 0.9050480769230769 0.14903846153846154 0.04567307692307692 0.03125
0 0.6394230769230769 0.8641826923076923 0.08413461538461539 0.2536057692307692
0 0.8052884615384616 0.7211538461538461 0.07451923076923077 0.109375
0 0.8689903846153846 0.42908653846153844 0.056490384615384616 0.10216346153846154
0 0.8353365384615384 0.9399038461538461 0.14783653846153846 0.10576923076923077
1 0.5961538461538461 0.10576923076923077 0.07091346153846154 0.11899038461538461
1 0.65625 0.10697115384615384 0.08533653846153846 0.12620192307692307