1 0.5012019230769231 0.1141826923076923 0.5 0.171875
1 0.31490384615384615 0.37740384615384615 0.12379807692307693 0.33052884615384615
1 0.29447115384615385 0.546875 0.08173076923076923 0.15985576923076922
1 0.3161057692307692 0.7560096153846154 0.11899038461538461 0.24158653846153846
1 0.5649038461538461 0.8509615384615384 0.3641826923076923 0.06610576923076923
1 0.4519230769230769 0.7211538461538461 0.14423076923076922 0.17548076923076922
1 0.5649038461538461 0.78125 0.0673076923076923 0.04927884615384615
1 0.46875 0.47716346153846156 0.2608173076923077 0.5264423076923077
1 0.6754807692307693 0.6742788461538461 0.13581730769230768 0.2692307692307692
1 0.6177884615384616 0.4639423076923077 0.07932692307692307 0.125
1 0.7055288461538461 0.4639423076923077 0.07932692307692307 0.125
1 0.6610576923076923 0.3004807692307692 0.1658653846153846 0.17067307692307693
1 0.6887019230769231 0.07572115384615384 0.109375 0.08173076923076923
0 0.6754807692307693 0.13942307692307693 0.036057692307692304 0.04927884615384615
0 0.6598557692307693 0.2091346153846154 0.039663461538461536 0.09375
0 0.5625 0.3173076923076923 0.040865384615384616 0.08774038461538461
0 0.6165865384615384 0.3786057692307692 0.03365384615384615 0.052884615384615384
0 0.6526442307692307 0.421875 0.03245192307692308 0.04927884615384615
0 0.6454326923076923 0.5576923076923077 0.03485576923076923 0.054086538461538464
0 0.5829326923076923 0.7235576923076923 0.03485576923076923 0.056490384615384616
0 0.5805288461538461 0.8353365384615384 0.04326923076923077 0.06490384615384616
0 0.421875 0.6153846153846154 0.040865384615384616 0.056490384615384616
0 0.36177884615384615 0.5240384615384616 0.038461538461538464 0.056490384615384616
0 0.3269230769230769 0.5685096153846154 0.03485576923076923 0.039663461538461536
0 0.3581730769230769 0.6117788461538461 0.03365384615384615 0.052884615384615384
1 0.3137019230769231 0.8822115384615384 0.07211538461538461 0.009615384615384616
1 0.33052884615384615 0.2091346153846154 0.0625 0.009615384615384616
1 0.42788461538461536 0.21033653846153846 0.051682692307692304 0.01201923076923077
1 0.4855769230769231 0.21153846153846154 0.052884615384615384 0.010817307692307692
1 0.5432692307692307 0.2091346153846154 0.052884615384615384 0.01201923076923077
1 0.6081730769230769 0.21033653846153846 0.06129807692307692 0.016826923076923076
1 0.6826923076923077 0.8137019230769231 0.06610576923076923 0.009615384615384616
1 0.47596153846153844 0.8125 0.06610576923076923 0.014423076923076924