2 0.08173076923076923 0.23076923076923078 0.140625 0.3918269230769231
2 0.3786057692307692 0.640625 0.6971153846153846 0.6298076923076923
2 0.3641826923076923 0.23798076923076922 0.38341346153846156 0.40865384615384615
2 0.6466346153846154 0.16947115384615385 0.15504807692307693 0.27884615384615385
2 0.859375 0.27884615384615385 0.24158653846153846 0.3329326923076923
2 0.859375 0.7055288461538461 0.2439903846153846 0.4963942307692308
1 0.9891826923076923 0.2800480769230769 0.016826923076923076 0.32572115384615385
1 0.9903846153846154 0.6706730769230769 0.019230769230769232 0.41225961538461536
1 0.019230769230769232 0.7007211538461539 0.026442307692307692 0.3918269230769231
1 0.1622596153846154 0.2247596153846154 0.02283653846153846 0.390625
0 0.10817307692307693 0.39783653846153844 0.08052884615384616 0.13221153846153846
0 0.5276442307692307 0.3894230769230769 0.08774038461538461 0.11057692307692307
0 0.6418269230769231 0.3713942307692308 0.0673076923076923 0.13341346153846154
0 0.7668269230769231 0.38341346153846156 0.08774038461538461 0.109375
0 0.7704326923076923 0.6081730769230769 0.09375 0.109375
0 0.6682692307692307 0.9266826923076923 0.078125 0.1466346153846154