2 0.32211538461538464 0.27884615384615385 0.24759615384615385 0.4098557692307692
2 0.23798076923076922 0.5096153846153846 0.0829326923076923 0.1141826923076923
2 0.3954326923076923 0.49038461538461536 0.09495192307692307 0.14903846153846154
2 0.4182692307692308 0.3701923076923077 0.05889423076923077 0.09014423076923077
2 0.3125 0.5276442307692307 0.06009615384615385 0.09134615384615384
2 0.15384615384615385 0.22596153846153846 0.05889423076923077 0.2536057692307692
2 0.1346153846153846 0.6117788461538461 0.14302884615384615 0.04927884615384615
2 0.24759615384615385 0.6069711538461539 0.07451923076923077 0.05048076923076923
2 0.17307692307692307 0.7163461538461539 0.22355769230769232 0.1622596153846154
2 0.6153846153846154 0.23197115384615385 0.078125 0.2644230769230769
2 0.7295673076923077 0.15264423076923078 0.12620192307692307 0.15264423076923078
2 0.859375 0.15264423076923078 0.12139423076923077 0.15264423076923078
2 0.6850961538461539 0.3245192307692308 0.057692307692307696 0.15745192307692307
2 0.7836538461538461 0.3293269230769231 0.13701923076923078 0.19110576923076922
2 0.8882211538461539 0.2764423076923077 0.06370192307692307 0.09495192307692307
2 0.8557692307692307 0.375 0.06009615384615385 0.09134615384615384
2 0.7896634615384616 0.4495192307692308 0.25961538461538464 0.24879807692307693
2 0.6766826923076923 0.6574519230769231 0.33653846153846156 0.1971153846153846
1 0.28846153846153844 0.06490384615384616 0.026442307692307692 0.02283653846153846
1 0.3245192307692308 0.0673076923076923 0.025240384615384616 0.027644230769230768
1 0.19110576923076922 0.13581730769230768 0.014423076923076924 0.07091346153846154
1 0.19230769230769232 0.25961538461538464 0.016826923076923076 0.08774038461538461
1 0.4543269230769231 0.15985576923076922 0.018028846153846152 0.09134615384615384
1 0.4495192307692308 0.27524038461538464 0.014423076923076924 0.028846153846153848
1 0.4519230769230769 0.3942307692307692 0.01201923076923077 0.03125
1 0.453125 0.4567307692307692 0.016826923076923076 0.042067307692307696
1 0.453125 0.5168269230769231 0.019230769230769232 0.02403846153846154
1 0.37259615384615385 0.5769230769230769 0.027644230769230768 0.028846153846153848
1 0.1201923076923077 0.7992788461538461 0.013221153846153846 0.01201923076923077
1 0.7632211538461539 0.5853365384615384 0.03365384615384615 0.026442307692307692
1 0.8269230769230769 0.5877403846153846 0.03365384615384615 0.025240384615384616
1 0.9266826923076923 0.5168269230769231 0.014423076923076924 0.04807692307692308
1 0.9266826923076923 0.28125 0.010817307692307692 0.03245192307692308
1 0.9278846153846154 0.13822115384615385 0.016826923076923076 0.042067307692307696
1 0.8257211538461539 0.06971153846153846 0.03365384615384615 0.019230769230769232
1 0.7620192307692307 0.0673076923076923 0.028846153846153848 0.021634615384615384
1 0.6622596153846154 0.140625 0.009615384615384616 0.04807692307692308
1 0.7788461538461539 0.21394230769230768 0.025240384615384616 0.052884615384615384
1 0.8088942307692307 0.2091346153846154 0.025240384615384616 0.04567307692307692
1 0.7043269230769231 0.2644230769230769 0.030048076923076924 0.03485576923076923
1 0.8161057692307693 0.3485576923076923 0.03245192307692308 0.05048076923076923
1 0.8040865384615384 0.4411057692307692 0.028846153846153848 0.04807692307692308
1 0.7716346153846154 0.4411057692307692 0.03245192307692308 0.055288461538461536
1 0.3473557692307692 0.15264423076923078 0.03245192307692308 0.08173076923076923
1 0.17548076923076922 0.18990384615384615 0.030048076923076924 0.027644230769230768
1 0.37259615384615385 0.37740384615384615 0.030048076923076924 0.046875
1 0.3329326923076923 0.4423076923076923 0.030048076923076924 0.04807692307692308
1 0.32572115384615385 0.5012019230769231 0.030048076923076924 0.056490384615384616
1 0.2932692307692308 0.5096153846153846 0.027644230769230768 0.03125
1 0.3293269230769231 0.5985576923076923 0.028846153846153848 0.046875
1 0.2980769230769231 0.6165865384615384 0.037259615384615384 0.05048076923076923
1 0.10096153846153846 0.6189903846153846 0.028846153846153848 0.055288461538461536
1 0.1045673076923077 0.5588942307692307 0.030048076923076924 0.06490384615384616
1 0.18028846153846154 0.5192307692307693 0.040865384615384616 0.05048076923076923
1 0.39783653846153844 0.4891826923076923 0.038461538461538464 0.055288461538461536