1 0.3485576923076923 0.4483173076923077 0.5985576923076923 0.7692307692307693
1 0.4266826923076923 0.19110576923076922 0.1622596153846154 0.25961538461538464
1 0.4266826923076923 0.48677884615384615 0.1658653846153846 0.24278846153846154
1 0.7295673076923077 0.40625 0.4170673076923077 0.6947115384615384
0 0.5120192307692307 0.8064903846153846 0.125 0.31490384615384615
0 0.38461538461538464 0.6538461538461539 0.08173076923076923 0.10817307692307693
0 0.30408653846153844 0.1935096153846154 0.10576923076923077 0.11177884615384616
0 0.5564903846153846 0.1935096153846154 0.10817307692307693 0.11057692307692307
0 0.5817307692307693 0.5709134615384616 0.10216346153846154 0.13341346153846154
1 0.18389423076923078 0.054086538461538464 0.28125 0.030048076923076924
1 0.46153846153846156 0.04807692307692308 0.09134615384615384 0.025240384615384616
1 0.734375 0.054086538461538464 0.40384615384615385 0.02403846153846154