2 0.3545673076923077 0.14903846153846154 0.6069711538461539 0.19230769230769232
2 0.49759615384615385 0.6045673076923077 0.8990384615384616 0.6670673076923077
2 0.5084134615384616 0.7728365384615384 0.25961538461538464 0.30649038461538464
1 0.3545673076923077 0.04447115384615385 0.6117788461538461 0.026442307692307692
1 0.04567307692307692 0.14543269230769232 0.028846153846153848 0.18990384615384615
1 0.6694711538461539 0.14783653846153846 0.02403846153846154 0.1935096153846154
1 0.27283653846153844 0.26322115384615385 0.35216346153846156 0.019230769230769232
1 0.8004807692307693 0.25961538461538464 0.23918269230769232 0.019230769230769232
0 0.25721153846153844 0.8918269230769231 0.1466346153846154 0.13581730769230768
0 0.33653846153846156 0.7668269230769231 0.12379807692307693 0.0985576923076923
0 0.5576923076923077 0.21394230769230768 0.1346153846153846 0.1346153846153846