2 0.32572115384615385 0.09375 0.20793269230769232 0.11538461538461539
2 0.5216346153846154 0.21033653846153846 0.1622596153846154 0.3401442307692308
2 0.6947115384615384 0.2091346153846154 0.15985576923076922 0.3401442307692308
2 0.44471153846153844 0.38822115384615385 0.44591346153846156 0.4519230769230769
2 0.31971153846153844 0.6646634615384616 0.20192307692307693 0.34375
2 0.4651442307692308 0.6850961538461539 0.0673076923076923 0.125
2 0.5504807692307693 0.6875 0.07692307692307693 0.1201923076923077
2 0.6875 0.6826923076923077 0.18028846153846154 0.12620192307692307
2 0.7271634615384616 0.5528846153846154 0.10216346153846154 0.1201923076923077
2 0.7259615384615384 0.4362980769230769 0.10216346153846154 0.09014423076923077
1 0.328125 0.84375 0.10817307692307693 0.018028846153846152
1 0.5504807692307693 0.7536057692307693 0.07091346153846154 0.019230769230769232
1 0.6730769230769231 0.7560096153846154 0.07091346153846154 0.019230769230769232
1 0.5204326923076923 0.03365384615384615 0.08413461538461539 0.019230769230769232
1 0.6862980769230769 0.036057692307692304 0.09134615384615384 0.013221153846153846
1 0.2800480769230769 0.15745192307692307 0.10817307692307693 0.025240384615384616
0 0.3894230769230769 0.13942307692307693 0.05889423076923077 0.0829326923076923
0 0.6418269230769231 0.3629807692307692 0.04447115384615385 0.06850961538461539
0 0.5829326923076923 0.3629807692307692 0.052884615384615384 0.07211538461538461
0 0.4098557692307692 0.5853365384615384 0.056490384615384616 0.0673076923076923
0 0.5372596153846154 0.5997596153846154 0.04326923076923077 0.08413461538461539
0 0.4723557692307692 0.6466346153846154 0.04567307692307692 0.06971153846153846
0 0.4723557692307692 0.7788461538461539 0.04326923076923077 0.0625
0 0.6394230769230769 0.6021634615384616 0.04567307692307692 0.07572115384615384
0 0.6574519230769231 0.4519230769230769 0.06129807692307692 0.06610576923076923
0 0.6995192307692307 0.6466346153846154 0.054086538461538464 0.06850961538461539