2 0.24158653846153846 0.4411057692307692 0.3317307692307692 0.6478365384615384
2 0.2127403846153846 0.7920673076923077 0.1201923076923077 0.03365384615384615
2 0.11177884615384616 0.6322115384615384 0.06610576923076923 0.07211538461538461
2 0.11177884615384616 0.7403846153846154 0.06850961538461539 0.13341346153846154
2 0.3473557692307692 0.7608173076923077 0.11298076923076923 0.10096153846153846
2 0.3269230769230769 0.8834134615384616 0.15504807692307693 0.11177884615384616
2 0.3425480769230769 0.6490384615384616 0.12259615384615384 0.11177884615384616
2 0.6490384615384616 0.14423076923076922 0.33052884615384615 0.0673076923076923
2 0.5913461538461539 0.3894230769230769 0.2127403846153846 0.38341346153846156
2 0.7295673076923077 0.30649038461538464 0.15985576923076922 0.21754807692307693
2 0.7620192307692307 0.5240384615384616 0.1045673076923077 0.11057692307692307
2 0.7283653846153846 0.6983173076923077 0.16826923076923078 0.22956730769230768
2 0.5576923076923077 0.6971153846153846 0.15384615384615385 0.23076923076923078
0 0.2403846153846154 0.08653846153846154 0.055288461538461536 0.07932692307692307
0 0.16466346153846154 0.6502403846153846 0.04447115384615385 0.04326923076923077
0 0.33533653846153844 0.5612980769230769 0.04447115384615385 0.056490384615384616
0 0.3389423076923077 0.6778846153846154 0.04326923076923077 0.056490384615384616
0 0.21754807692307693 0.7475961538461539 0.04567307692307692 0.057692307692307696
0 0.1658653846153846 0.7487980769230769 0.040865384615384616 0.042067307692307696
0 0.22596153846153846 0.9110576923076923 0.0625 0.0625
0 0.6117788461538461 0.1875 0.055288461538461536 0.12740384615384615
0 0.6730769230769231 0.18990384615384615 0.05889423076923077 0.1310096153846154
0 0.671875 0.39783653846153844 0.055288461538461536 0.06370192307692307
0 0.6850961538461539 0.5336538461538461 0.052884615384615384 0.03245192307692308
0 0.6706730769230769 0.6117788461538461 0.04326923076923077 0.051682692307692304
0 0.6117788461538461 0.6081730769230769 0.04927884615384615 0.05889423076923077
1 0.16826923076923078 0.8245192307692307 0.036057692307692304 0.025240384615384616
1 0.21754807692307693 0.8185096153846154 0.04567307692307692 0.016826923076923076
1 0.5733173076923077 0.8209134615384616 0.039663461538461536 0.010817307692307692
1 0.6141826923076923 0.8209134615384616 0.02283653846153846 0.014423076923076924
1 0.6658653846153846 0.8221153846153846 0.027644230769230768 0.013221153846153846
1 0.7067307692307693 0.8245192307692307 0.042067307692307696 0.019230769230769232
1 0.7211538461538461 0.1875 0.046875 0.02283653846153846
1 0.6694711538461539 0.18990384615384615 0.04326923076923077 0.013221153846153846
1 0.6105769230769231 0.19110576923076922 0.04567307692307692 0.013221153846153846
1 0.5612980769230769 0.18990384615384615 0.04447115384615385 0.018028846153846152
1 0.3317307692307692 0.11177884615384616 0.07091346153846154 0.019230769230769232
1 0.3858173076923077 0.11298076923076923 0.025240384615384616 0.016826923076923076
1 0.16346153846153846 0.11177884615384616 0.08413461538461539 0.01201923076923077
1 0.09735576923076923 0.11057692307692307 0.026442307692307692 0.019230769230769232