1 0.26802884615384615 0.28365384615384615 0.4026442307692308 0.4723557692307692
1 0.16826923076923078 0.4639423076923077 0.20432692307692307 0.24879807692307693
1 0.2247596153846154 0.4026442307692308 0.09134615384615384 0.12860576923076922
1 0.16826923076923078 0.7259615384615384 0.19831730769230768 0.23197115384615385
1 0.16346153846153846 0.9146634615384616 0.21514423076923078 0.11057692307692307
1 0.6117788461538461 0.6117788461538461 0.6526442307692307 0.6754807692307693
1 0.7091346153846154 0.15865384615384615 0.4543269230769231 0.1935096153846154
1 0.6706730769230769 0.2692307692307692 0.09735576923076923 0.021634615384615384
1 0.78125 0.26802884615384615 0.09975961538461539 0.027644230769230768
1 0.8870192307692307 0.26802884615384615 0.09615384615384616 0.030048076923076924
1 0.9447115384615384 0.36177884615384615 0.016826923076923076 0.14182692307692307
1 0.8016826923076923 0.9651442307692307 0.10216346153846154 0.02403846153846154
1 0.6911057692307693 0.9615384615384616 0.09975961538461539 0.030048076923076924
1 0.34975961538461536 0.9603365384615384 0.09975961538461539 0.03245192307692308
1 0.05889423076923077 0.13581730769230768 0.016826923076923076 0.08413461538461539
1 0.05889423076923077 0.46033653846153844 0.021634615384615384 0.08774038461538461
1 0.0625 0.6646634615384616 0.015625 0.08173076923076923
1 0.390625 0.038461538461538464 0.0985576923076923 0.020432692307692308
0 0.3485576923076923 0.4795673076923077 0.08413461538461539 0.140625
0 0.5697115384615384 0.21875 0.08533653846153846 0.13942307692307693
0 0.140625 0.6454326923076923 0.08653846153846154 0.13822115384615385
0 0.24519230769230768 0.6838942307692307 0.09975961538461539 0.12860576923076922
0 0.17067307692307693 0.9110576923076923 0.09615384615384616 0.140625