2 0.25 0.42788461538461536 0.2512019230769231 0.17067307692307693
2 0.43149038461538464 0.3954326923076923 0.09014423076923077 0.11177884615384616
2 0.5216346153846154 0.39783653846153844 0.06490384615384616 0.109375
2 0.4723557692307692 0.5661057692307693 0.1658653846153846 0.21394230769230768
2 0.7043269230769231 0.4266826923076923 0.2824519230769231 0.17067307692307693
2 0.9158653846153846 0.43028846153846156 0.11057692307692307 0.1658653846153846
2 0.2536057692307692 0.59375 0.24759615384615385 0.15504807692307693
0 0.3629807692307692 0.5745192307692307 0.052884615384615384 0.037259615384615384
0 0.4254807692307692 0.6802884615384616 0.06370192307692307 0.08533653846153846
0 0.43509615384615385 0.46875 0.055288461538461536 0.04447115384615385
0 0.515625 0.47115384615384615 0.055288461538461536 0.039663461538461536
0 0.5769230769230769 0.48677884615384615 0.06370192307692307 0.042067307692307696
0 0.8569711538461539 0.4879807692307692 0.11778846153846154 0.04326923076923077
0 0.3641826923076923 0.49038461538461536 0.054086538461538464 0.042067307692307696
1 0.11778846153846154 0.45552884615384615 0.013221153846153846 0.10216346153846154
1 0.11899038461538461 0.5805288461538461 0.021634615384615384 0.0985576923076923