2 0.5925480769230769 0.1658653846153846 0.17427884615384615 0.15144230769230768
2 0.49278846153846156 0.5396634615384616 0.3858173076923077 0.5721153846153846
2 0.6225961538461539 0.7463942307692307 0.11298076923076923 0.14903846153846154
2 0.6225961538461539 0.609375 0.1141826923076923 0.1045673076923077
2 0.3485576923076923 0.7644230769230769 0.09375 0.0985576923076923
2 0.37740384615384615 0.5901442307692307 0.15144230769230768 0.22235576923076922
0 0.5336538461538461 0.22355769230769232 0.046875 0.06850961538461539
0 0.4387019230769231 0.5516826923076923 0.051682692307692304 0.05889423076923077
0 0.5432692307692307 0.7271634615384616 0.06490384615384616 0.06610576923076923
0 0.5889423076923077 0.6911057692307693 0.039663461538461536 0.0625
0 0.41586538461538464 0.765625 0.039663461538461536 0.04927884615384615
0 0.4338942307692308 0.8509615384615384 0.056490384615384616 0.08533653846153846
1 0.39783653846153844 0.2512019230769231 0.09735576923076923 0.030048076923076924
1 0.6117788461538461 0.25 0.1045673076923077 0.020432692307692308
1 0.29927884615384615 0.6201923076923077 0.014423076923076924 0.1466346153846154