2 0.07692307692307693 0.15745192307692307 0.07451923076923077 0.22716346153846154
2 0.2620192307692308 0.09254807692307693 0.2620192307692308 0.11177884615384616
2 0.2247596153846154 0.29447115384615385 0.20552884615384615 0.26322115384615385
2 0.171875 0.5300480769230769 0.09615384615384616 0.19110576923076922
2 0.2800480769230769 0.5084134615384616 0.09615384615384616 0.1466346153846154
2 0.22716346153846154 0.7103365384615384 0.20673076923076922 0.140625
2 0.5685096153846154 0.4723557692307692 0.45552884615384615 0.6189903846153846
2 0.7055288461538461 0.2800480769230769 0.17427884615384615 0.234375
2 0.8822115384615384 0.31971153846153844 0.15144230769230768 0.3233173076923077
2 0.8810096153846154 0.6394230769230769 0.15985576923076922 0.29086538461538464
2 0.7896634615384616 0.8341346153846154 0.3401442307692308 0.08774038461538461
2 0.07572115384615384 0.35096153846153844 0.06850961538461539 0.14182692307692307
0 0.0733173076923077 0.4651442307692308 0.04807692307692308 0.06850961538461539
0 0.0889423076923077 0.7427884615384616 0.06009615384615385 0.09375
0 0.14543269230769232 0.09375 0.0673076923076923 0.078125
0 0.3605769230769231 0.12139423076923077 0.055288461538461536 0.08533653846153846
0 0.31009615384615385 0.19591346153846154 0.06129807692307692 0.07091346153846154
0 0.7692307692307693 0.37259615384615385 0.06129807692307692 0.09375
0 0.8221153846153846 0.44711538461538464 0.06129807692307692 0.06971153846153846
0 0.8209134615384616 0.5757211538461539 0.06370192307692307 0.06850961538461539
0 0.6598557692307693 0.6057692307692307 0.054086538461538464 0.0829326923076923
0 0.7692307692307693 0.8221153846153846 0.05889423076923077 0.08653846153846154
0 0.31009615384615385 0.6971153846153846 0.06129807692307692 0.07091346153846154
0 0.19591346153846154 0.6622596153846154 0.055288461538461536 0.07572115384615384
0 0.09735576923076923 0.7403846153846154 0.054086538461538464 0.0673076923076923
0 0.20432692307692307 0.5396634615384616 0.06009615384615385 0.08173076923076923
1 0.4411057692307692 0.15144230769230768 0.0829326923076923 0.014423076923076924
1 0.53125 0.15745192307692307 0.08653846153846154 0.020432692307692308
1 0.6887019230769231 0.15625 0.08413461538461539 0.019230769230769232
1 0.8629807692307693 0.15384615384615385 0.07572115384615384 0.010817307692307692
1 0.8677884615384616 0.7872596153846154 0.08533653846153846 0.018028846153846152
1 0.6634615384615384 0.7896634615384616 0.03125 0.016826923076923076
1 0.5408653846153846 0.7884615384615384 0.09615384615384616 0.018028846153846152
1 0.21754807692307693 0.7860576923076923 0.0829326923076923 0.016826923076923076
1 0.22235576923076922 0.15504807692307693 0.0829326923076923 0.014423076923076924