2 0.1045673076923077 0.2091346153846154 0.09495192307692307 0.171875
2 0.2247596153846154 0.203125 0.125 0.17668269230769232
2 0.171875 0.43990384615384615 0.2247596153846154 0.27403846153846156
2 0.17307692307692307 0.7043269230769231 0.23076923076923078 0.22596153846153846
2 0.35336538461538464 0.7848557692307693 0.11658653846153846 0.056490384615384616
2 0.5324519230769231 0.4987980769230769 0.47596153846153844 0.6370192307692307
2 0.3557692307692308 0.23076923076923078 0.11899038461538461 0.21514423076923078
2 0.3389423076923077 0.4098557692307692 0.08774038461538461 0.11899038461538461
2 0.5985576923076923 0.4735576923076923 0.34615384615384615 0.6971153846153846
2 0.8581730769230769 0.5805288461538461 0.16466346153846154 0.47475961538461536
1 0.5865384615384616 0.8353365384615384 0.21634615384615385 0.04326923076923077
1 0.7788461538461539 0.234375 0.026442307692307692 0.12860576923076922
1 0.953125 0.5372596153846154 0.02403846153846154 0.18870192307692307
0 0.7956730769230769 0.4483173076923077 0.051682692307692304 0.09014423076923077
0 0.43990384615384615 0.24158653846153846 0.04927884615384615 0.09014423076923077
0 0.17908653846153846 0.23677884615384615 0.057692307692307696 0.08413461538461539
0 0.3112980769230769 0.23557692307692307 0.05889423076923077 0.07932692307692307
0 0.26802884615384615 0.5348557692307693 0.052884615384615384 0.08413461538461539
0 0.359375 0.5240384615384616 0.04326923076923077 0.09254807692307693
0 0.3389423076923077 0.7055288461538461 0.054086538461538464 0.1045673076923077
0 0.3389423076923077 0.8834134615384616 0.051682692307692304 0.13942307692307693
0 0.2692307692307692 0.6442307692307693 0.052884615384615384 0.09495192307692307
1 0.13581730769230768 0.10096153846153846 0.03245192307692308 0.04326923076923077
1 0.22716346153846154 0.09975961538461539 0.10216346153846154 0.04326923076923077
1 0.31850961538461536 0.10336538461538461 0.04807692307692308 0.040865384615384616
1 0.04807692307692308 0.5060096153846154 0.021634615384615384 0.14182692307692307
1 0.046875 0.6646634615384616 0.020432692307692308 0.1310096153846154