2 0.3858173076923077 0.33533653846153844 0.3894230769230769 0.5552884615384616
2 0.5396634615384616 0.3918269230769231 0.078125 0.21754807692307693
2 0.5877403846153846 0.3918269230769231 0.20072115384615385 0.6694711538461539
2 0.75 0.7391826923076923 0.12139423076923077 0.23317307692307693
2 0.75 0.4362980769230769 0.125 0.35336538461538464
2 0.7307692307692307 0.15745192307692307 0.15985576923076922 0.19831730769230768
2 0.22115384615384615 0.4519230769230769 0.057692307692307696 0.32211538461538464
0 0.24158653846153846 0.3389423076923077 0.04326923076923077 0.06850961538461539
0 0.31850961538461536 0.25240384615384615 0.039663461538461536 0.0625
0 0.5492788461538461 0.3076923076923077 0.03245192307692308 0.07451923076923077
0 0.5492788461538461 0.49038461538461536 0.027644230769230768 0.057692307692307696
0 0.49278846153846156 0.5348557692307693 0.030048076923076924 0.046875
0 0.4951923076923077 0.5841346153846154 0.038461538461538464 0.052884615384615384
0 0.53125 0.7223557692307693 0.037259615384615384 0.11538461538461539
0 0.6754807692307693 0.6899038461538461 0.03365384615384615 0.05889423076923077
0 0.6574519230769231 0.38341346153846156 0.03245192307692308 0.04807692307692308
0 0.6574519230769231 0.28966346153846156 0.036057692307692304 0.057692307692307696
0 0.6646634615384616 0.23317307692307693 0.036057692307692304 0.04927884615384615
0 0.6117788461538461 0.5264423076923077 0.027644230769230768 0.055288461538461536
1 0.39663461538461536 0.052884615384615384 0.06610576923076923 0.018028846153846152
1 0.5192307692307693 0.056490384615384616 0.08413461538461539 0.015625
1 0.6262019230769231 0.054086538461538464 0.03365384615384615 0.018028846153846152
1 0.6947115384615384 0.055288461538461536 0.08774038461538461 0.014423076923076924
1 0.8137019230769231 0.36778846153846156 0.007211538461538462 0.12740384615384615
1 0.8149038461538461 0.5108173076923077 0.006009615384615385 0.14182692307692307
1 0.8149038461538461 0.7596153846153846 0.009615384615384616 0.18990384615384615
1 0.2536057692307692 0.4735576923076923 0.008413461538461538 0.20432692307692307
1 0.18870192307692307 0.21394230769230768 0.007211538461538462 0.140625