2 0.14783653846153846 0.28966346153846156 0.25600961538461536 0.28125
2 0.08533653846153846 0.6346153846153846 0.14182692307692307 0.39903846153846156
2 0.08533653846153846 0.875 0.14182692307692307 0.056490384615384616
2 0.3605769230769231 0.28966346153846156 0.13701923076923078 0.2920673076923077
2 0.36658653846153844 0.5829326923076923 0.1310096153846154 0.27524038461538464
2 0.36778846153846156 0.8112980769230769 0.1201923076923077 0.17307692307692307
2 0.23197115384615385 0.8161057692307693 0.12980769230769232 0.171875
2 0.21754807692307693 0.6165865384615384 0.14783653846153846 0.19951923076923078
2 0.21634615384615385 0.47836538461538464 0.14903846153846154 0.07211538461538461
2 0.6742788461538461 0.4951923076923077 0.421875 0.6899038461538461
2 0.7896634615384616 0.5997596153846154 0.1814903846153846 0.09254807692307693
2 0.7475961538461539 0.7824519230769231 0.2620192307692308 0.24278846153846154
2 0.7992788461538461 0.07451923076923077 0.1622596153846154 0.12860576923076922
2 0.3449519230769231 0.07091346153846154 0.16947115384615385 0.13701923076923078
1 0.17427884615384615 0.14182692307692307 0.06490384615384616 0.015625
1 0.5829326923076923 0.1466346153846154 0.13942307692307693 0.016826923076923076
1 0.7560096153846154 0.9086538461538461 0.1141826923076923 0.020432692307692308
1 0.34615384615384615 0.9074519230769231 0.038461538461538464 0.02283653846153846
1 0.2764423076923077 0.9098557692307693 0.040865384615384616 0.015625
1 0.7560096153846154 0.14543269230769232 0.06610576923076923 0.019230769230769232
0 0.10817307692307693 0.14182692307692307 0.0673076923076923 0.13822115384615385
0 0.35697115384615385 0.1201923076923077 0.054086538461538464 0.08052884615384616
0 0.8245192307692307 0.1466346153846154 0.057692307692307696 0.14302884615384615
0 0.6826923076923077 0.6141826923076923 0.06009615384615385 0.0733173076923077
0 0.6490384615384616 0.6778846153846154 0.06129807692307692 0.07932692307692307
0 0.5540865384615384 0.8112980769230769 0.0625 0.09014423076923077
0 0.5552884615384616 0.9399038461538461 0.06370192307692307 0.08774038461538461
0 0.11658653846153846 0.9362980769230769 0.0673076923076923 0.0889423076923077
0 0.11057692307692307 0.8100961538461539 0.06971153846153846 0.08413461538461539
0 0.11658653846153846 0.5504807692307693 0.057692307692307696 0.06490384615384616
0 0.24278846153846154 0.5456730769230769 0.052884615384615384 0.07211538461538461
0 0.31490384615384615 0.5588942307692307 0.057692307692307696 0.055288461538461536
0 0.35216346153846156 0.46274038461538464 0.055288461538461536 0.078125
0 0.26322115384615385 0.6995192307692307 0.04927884615384615 0.06971153846153846
0 0.2800480769230769 0.7644230769230769 0.056490384615384616 0.0625