2 0.09615384615384616 0.42427884615384615 0.09254807692307693 0.6923076923076923
2 0.41586538461538464 0.4375 0.5084134615384616 0.671875
2 0.23918269230769232 0.640625 0.15865384615384615 0.2644230769230769
2 0.4831730769230769 0.7007211538461539 0.0889423076923077 0.16105769230769232
2 0.6935096153846154 0.6923076923076923 0.14783653846153846 0.17548076923076922
2 0.7235576923076923 0.5180288461538461 0.08774038461538461 0.14543269230769232
2 0.6802884615384616 0.26322115384615385 0.17067307692307693 0.328125
2 0.5036057692307693 0.2644230769230769 0.16466346153846154 0.32572115384615385
1 0.22355769230769232 0.08052884615384616 0.09495192307692307 0.037259615384615384
1 0.3545673076923077 0.08533653846153846 0.042067307692307696 0.03365384615384615
1 0.53125 0.0829326923076923 0.06850961538461539 0.03485576923076923
1 0.7139423076923077 0.08413461538461539 0.0673076923076923 0.03245192307692308
1 0.15144230769230768 0.19471153846153846 0.016826923076923076 0.19831730769230768
1 0.15264423076923078 0.6274038461538461 0.015625 0.12259615384615384
0 0.15384615384615385 0.43990384615384615 0.09615384615384616 0.09014423076923077
0 0.48197115384615385 0.39302884615384615 0.04326923076923077 0.09134615384615384
0 0.5264423076923077 0.6394230769230769 0.05048076923076923 0.07572115384615384
0 0.6502403846153846 0.4723557692307692 0.040865384615384616 0.09495192307692307
0 0.6490384615384616 0.5600961538461539 0.04567307692307692 0.07572115384615384
0 0.7019230769230769 0.6442307692307693 0.039663461538461536 0.09495192307692307
0 0.5925480769230769 0.7932692307692307 0.056490384615384616 0.20552884615384615