2 0.7235576923076923 0.7896634615384616 0.23076923076923078 0.24278846153846154
2 0.5396634615384616 0.8269230769230769 0.11658653846153846 0.16947115384615385
2 0.7019230769230769 0.5661057692307693 0.28125 0.16947115384615385
2 0.5120192307692307 0.5985576923076923 0.07451923076923077 0.11538461538461539
2 0.49038461538461536 0.39302884615384615 0.7079326923076923 0.6923076923076923
2 0.9146634615384616 0.2608173076923077 0.11298076923076923 0.4338942307692308
2 0.3245192307692308 0.16706730769230768 0.375 0.25841346153846156
0 0.3641826923076923 0.26802884615384615 0.07451923076923077 0.07692307692307693
0 0.8485576923076923 0.24879807692307693 0.13701923076923078 0.06009615384615385
0 0.4338942307692308 0.7487980769230769 0.06009615384615385 0.13221153846153846
0 0.5228365384615384 0.6754807692307693 0.04567307692307692 0.046875
0 0.5769230769230769 0.6766826923076923 0.036057692307692304 0.046875
0 0.6286057692307693 0.6935096153846154 0.0673076923076923 0.05048076923076923
0 0.5324519230769231 0.7235576923076923 0.038461538461538464 0.05048076923076923
1 0.12379807692307693 0.3786057692307692 0.02283653846153846 0.13581730769230768
1 0.12259615384615384 0.5865384615384616 0.02283653846153846 0.1346153846153846
1 0.2704326923076923 0.03485576923076923 0.0985576923076923 0.01201923076923077
1 0.3858173076923077 0.038461538461538464 0.10096153846153846 0.019230769230769232