2 0.359375 0.16346153846153846 0.25240384615384615 0.2800480769230769
2 0.3605769230769231 0.4230769230769231 0.2439903846153846 0.21995192307692307
2 0.26802884615384615 0.5805288461538461 0.04567307692307692 0.08052884615384616
2 0.3233173076923077 0.5841346153846154 0.057692307692307696 0.07932692307692307
2 0.3605769230769231 0.6658653846153846 0.24519230769230768 0.2512019230769231
2 0.5793269230769231 0.4206730769230769 0.12379807692307693 0.22235576923076922
2 0.7067307692307693 0.4230769230769231 0.11057692307692307 0.21514423076923078
2 0.6430288461538461 0.6682692307692307 0.25 0.25
0 0.6971153846153846 0.7728365384615384 0.037259615384615384 0.04927884615384615
0 0.4182692307692308 0.8269230769230769 0.04326923076923077 0.06610576923076923
0 0.38822115384615385 0.3317307692307692 0.042067307692307696 0.051682692307692304
1 0.3088942307692308 0.31009615384615385 0.09014423076923077 0.016826923076923076
1 0.4326923076923077 0.3112980769230769 0.051682692307692304 0.01201923076923077
1 0.5901442307692307 0.30649038461538464 0.09134615384615384 0.014423076923076924
1 0.6971153846153846 0.3088942307692308 0.0829326923076923 0.010817307692307692
1 0.6201923076923077 0.8004807692307693 0.0673076923076923 0.014423076923076924
1 0.33774038461538464 0.796875 0.07451923076923077 0.016826923076923076
0 0.3713942307692308 0.5709134615384616 0.039663461538461536 0.04567307692307692