2 0.5036057692307693 0.05889423076923077 0.32091346153846156 0.078125
2 0.5048076923076923 0.31850961538461536 0.3137019230769231 0.4254807692307692
2 0.47596153846153844 0.5829326923076923 0.07932692307692307 0.31009615384615385
2 0.47716346153846156 0.7836538461538461 0.08173076923076923 0.06971153846153846
2 0.38822115384615385 0.7427884615384616 0.08173076923076923 0.15985576923076922
2 0.38822115384615385 0.5973557692307693 0.07932692307692307 0.11057692307692307
2 0.5925480769230769 0.6790865384615384 0.1346153846153846 0.28365384615384615
2 0.5588942307692307 0.48197115384615385 0.0625 0.09014423076923077
2 0.6262019230769231 0.4807692307692308 0.0673076923076923 0.09134615384615384
0 0.453125 0.47115384615384615 0.055288461538461536 0.06370192307692307
0 0.5060096153846154 0.4963942307692308 0.04447115384615385 0.056490384615384616
0 0.49158653846153844 0.4014423076923077 0.04807692307692308 0.07091346153846154
0 0.49399038461538464 0.0733173076923077 0.04447115384615385 0.06850961538461539
0 0.6394230769230769 0.5552884615384616 0.039663461538461536 0.0625
0 0.5432692307692307 0.6177884615384616 0.05889423076923077 0.06129807692307692
0 0.4675480769230769 0.7692307692307693 0.05048076923076923 0.06971153846153846
0 0.4675480769230769 0.8569711538461539 0.05048076923076923 0.07211538461538461
0 0.40625 0.6754807692307693 0.037259615384615384 0.04807692307692308
0 0.41346153846153844 0.7055288461538461 0.04447115384615385 0.046875
1 0.38100961538461536 0.8257211538461539 0.04447115384615385 0.010817307692307692
1 0.5841346153846154 0.8269230769230769 0.0985576923076923 0.016826923076923076
1 0.4182692307692308 0.10216346153846154 0.078125 0.016826923076923076
1 0.5528846153846154 0.10336538461538461 0.06370192307692307 0.014423076923076924
1 0.6225961538461539 0.10216346153846154 0.06490384615384616 0.014423076923076924