2 0.26322115384615385 0.0889423076923077 0.4110576923076923 0.109375
2 0.7283653846153846 0.09254807692307693 0.4170673076923077 0.11298076923076923
2 0.84375 0.3161057692307692 0.18028846153846154 0.3137019230769231
2 0.6310096153846154 0.31490384615384615 0.21514423076923078 0.3112980769230769
2 0.6670673076923077 0.546875 0.28725961538461536 0.1346153846153846
2 0.8774038461538461 0.5480769230769231 0.11298076923076923 0.13942307692307693
2 0.8413461538461539 0.7572115384615384 0.19110576923076922 0.265625
2 0.5793269230769231 0.6802884615384616 0.11298076923076923 0.11177884615384616
2 0.6334134615384616 0.7572115384615384 0.21514423076923078 0.2644230769230769
2 0.37259615384615385 0.7548076923076923 0.20673076923076922 0.27403846153846156
2 0.2668269230769231 0.47115384615384615 0.40865384615384615 0.6177884615384616
2 0.21995192307692307 0.8413461538461539 0.07211538461538461 0.09735576923076923
2 0.1141826923076923 0.84375 0.11177884615384616 0.09495192307692307
1 0.13701923076923078 0.15504807692307693 0.10576923076923077 0.019230769230769232
1 0.3629807692307692 0.15264423076923078 0.13581730769230768 0.019230769230769232
1 0.6177884615384616 0.15384615384615385 0.1141826923076923 0.016826923076923076
1 0.8317307692307693 0.15384615384615385 0.13221153846153846 0.014423076923076924
0 0.7067307692307693 0.1778846153846154 0.06490384615384616 0.0625
0 0.23798076923076922 0.17908653846153846 0.055288461538461536 0.06610576923076923
0 0.7127403846153846 0.4579326923076923 0.042067307692307696 0.04927884615384615
0 0.7788461538461539 0.46033653846153844 0.04927884615384615 0.054086538461538464
0 0.7824519230769231 0.6394230769230769 0.04447115384615385 0.06009615384615385
0 0.6862980769230769 0.6346153846153846 0.04807692307692308 0.051682692307692304
0 0.8076923076923077 0.5564903846153846 0.05889423076923077 0.046875
0 0.14543269230769232 0.7704326923076923 0.056490384615384616 0.06490384615384616
0 0.21995192307692307 0.8076923076923077 0.057692307692307696 0.05889423076923077
0 0.22235576923076922 0.9182692307692307 0.056490384615384616 0.06971153846153846
0 0.6057692307692307 0.7644230769230769 0.051682692307692304 0.054086538461538464
1 0.6754807692307693 0.8954326923076923 0.06129807692307692 0.015625
1 0.8173076923076923 0.8966346153846154 0.12740384615384615 0.01201923076923077
1 0.3557692307692308 0.8990384615384616 0.11538461538461539 0.021634615384615384