2 0.47836538461538464 0.5024038461538461 0.5973557692307693 0.7836538461538461
2 0.34615384615384615 0.7475961538461539 0.3293269230769231 0.265625
2 0.2824519230769231 0.5685096153846154 0.2091346153846154 0.07692307692307693
2 0.4567307692307692 0.5685096153846154 0.11538461538461539 0.07091346153846154
2 0.7944711538461539 0.7307692307692307 0.20192307692307693 0.2932692307692308
2 0.8413461538461539 0.5444711538461539 0.11538461538461539 0.07091346153846154
2 0.8377403846153846 0.38341346153846156 0.109375 0.22235576923076922
2 0.8341346153846154 0.18629807692307693 0.11057692307692307 0.15144230769230768
1 0.6225961538461539 0.10216346153846154 0.11057692307692307 0.025240384615384616
1 0.30528846153846156 0.10216346153846154 0.1141826923076923 0.02403846153846154
1 0.4423076923076923 0.8894230769230769 0.13581730769230768 0.020432692307692308
1 0.7596153846153846 0.890625 0.1141826923076923 0.028846153846153848
0 0.4567307692307692 0.09975961538461539 0.09254807692307693 0.14903846153846154
0 0.5516826923076923 0.5853365384615384 0.0733173076923077 0.054086538461538464
0 0.28966346153846156 0.6370192307692307 0.06610576923076923 0.052884615384615384
0 0.4855769230769231 0.7139423076923077 0.08774038461538461 0.07091346153846154
0 0.734375 0.5504807692307693 0.0733173076923077 0.07572115384615384
0 0.75 0.4699519230769231 0.06610576923076923 0.05048076923076923
0 0.8533653846153846 0.6045673076923077 0.05048076923076923 0.0625
0 0.5673076923076923 0.8004807692307693 0.07451923076923077 0.0625
0 0.5817307692307693 0.9266826923076923 0.078125 0.06490384615384616