2 0.5012019230769231 0.2668269230769231 0.9627403846153846 0.515625
2 0.47475961538461536 0.4879807692307692 0.19471153846153846 0.1935096153846154
2 0.14423076923076922 0.43028846153846156 0.1346153846153846 0.1346153846153846
0 0.109375 0.38461538461538464 0.055288461538461536 0.0733173076923077
0 0.028846153846153848 0.3858173076923077 0.04447115384615385 0.054086538461538464
0 0.052884615384615384 0.41947115384615385 0.04807692307692308 0.0673076923076923
0 0.4795673076923077 0.3629807692307692 0.10697115384615384 0.078125
0 0.9134615384615384 0.4795673076923077 0.04927884615384615 0.07451923076923077
0 0.9014423076923077 0.8305288461538461 0.057692307692307696 0.0673076923076923
0 0.9543269230769231 0.9699519230769231 0.04447115384615385 0.05048076923076923
1 0.5564903846153846 0.010817307692307692 0.078125 0.018028846153846152
1 0.7908653846153846 0.008413461538461538 0.08052884615384616 0.015625
1 0.39783653846153844 0.38461538461538464 0.030048076923076924 0.021634615384615384
1 0.5552884615384616 0.38221153846153844 0.021634615384615384 0.018028846153846152
1 0.5793269230769231 0.42788461538461536 0.013221153846153846 0.057692307692307696
1 0.36658653846153844 0.43149038461538464 0.025240384615384616 0.05889423076923077
1 0.8413461538461539 0.5048076923076923 0.046875 0.015625
1 0.875 0.5 0.036057692307692304 0.025240384615384616
1 0.9579326923076923 0.43149038461538464 0.039663461538461536 0.03485576923076923
1 0.8497596153846154 0.8509615384615384 0.06850961538461539 0.025240384615384616