2 0.2548076923076923 0.20192307692307693 0.4375 0.3425480769230769
0 0.27283653846153844 0.28725961538461536 0.04326923076923077 0.05889423076923077
0 0.3545673076923077 0.34134615384615385 0.07932692307692307 0.0673076923076923
0 0.33653846153846156 0.4050480769230769 0.056490384615384616 0.05889423076923077
2 0.3581730769230769 0.42427884615384615 0.2536057692307692 0.08653846153846154
1 0.2608173076923077 0.3786057692307692 0.02283653846153846 0.010817307692307692
1 0.39663461538461536 0.3798076923076923 0.026442307692307692 0.009615384615384616
1 0.4855769230769231 0.15384615384615385 0.014423076923076924 0.09735576923076923
1 0.4831730769230769 0.2692307692307692 0.009615384615384616 0.038461538461538464
1 0.03245192307692308 0.20673076923076922 0.014423076923076924 0.18629807692307693
1 0.5685096153846154 0.38100961538461536 0.04567307692307692 0.019230769230769232
1 0.7211538461538461 0.38100961538461536 0.11899038461538461 0.019230769230769232
1 0.9795673076923077 0.12980769230769232 0.009615384615384616 0.046875
1 0.7860576923076923 0.5913461538461539 0.015625 0.055288461538461536
1 0.3088942307692308 0.6995192307692307 0.01201923076923077 0.03485576923076923
1 0.30649038461538464 0.8088942307692307 0.016826923076923076 0.052884615384615384
1 0.5168269230769231 0.8653846153846154 0.07091346153846154 0.018028846153846152
2 0.6658653846153846 0.20432692307692307 0.27163461538461536 0.3425480769230769
2 0.890625 0.30288461538461536 0.15985576923076922 0.14543269230769232
2 0.8629807692307693 0.12860576923076922 0.10096153846153846 0.18269230769230768
2 0.9483173076923077 0.13341346153846154 0.056490384615384616 0.19230769230769232
0 0.8245192307692307 0.0829326923076923 0.05889423076923077 0.052884615384615384
0 0.9170673076923077 0.09975961538461539 0.10216346153846154 0.05889423076923077
0 0.8233173076923077 0.29086538461538464 0.054086538461538464 0.05048076923076923
0 0.8413461538461539 0.38100961538461536 0.054086538461538464 0.11298076923076923
0 0.6778846153846154 0.5637019230769231 0.06370192307692307 0.05048076923076923
0 0.6454326923076923 0.6129807692307693 0.06971153846153846 0.0673076923076923
0 0.5252403846153846 0.6033653846153846 0.06129807692307692 0.06009615384615385
2 0.7860576923076923 0.4266826923076923 0.16826923076923078 0.078125
2 0.43028846153846156 0.5721153846153846 0.234375 0.11538461538461539
2 0.5865384615384616 0.5733173076923077 0.06490384615384616 0.11899038461538461
2 0.3942307692307692 0.6959134615384616 0.15745192307692307 0.10576923076923077
2 0.3762019230769231 0.8052884615384616 0.12139423076923077 0.10336538461538461
2 0.5264423076923077 0.7548076923076923 0.1814903846153846 0.20673076923076922
2 0.6586538461538461 0.6947115384615384 0.054086538461538464 0.3245192307692308
2 0.7391826923076923 0.5997596153846154 0.07932692307692307 0.1346153846153846
2 0.7391826923076923 0.7067307692307693 0.08653846153846154 0.04807692307692308
2 0.7319711538461539 0.8016826923076923 0.09254807692307693 0.10576923076923077
2 0.6117788461538461 0.921875 0.17548076923076922 0.09134615384615384
0 0.4951923076923077 0.7043269230769231 0.056490384615384616 0.057692307692307696
0 0.6682692307692307 0.7079326923076923 0.05889423076923077 0.06129807692307692
0 0.6430288461538461 0.8064903846153846 0.07211538461538461 0.05889423076923077
0 0.6610576923076923 0.8930288461538461 0.06129807692307692 0.08533653846153846