1 0.08173076923076923 0.1778846153846154 0.038461538461538464 0.01201923076923077
1 0.12259615384615384 0.17908653846153846 0.039663461538461536 0.007211538461538462
1 0.16826923076923078 0.17668269230769232 0.042067307692307696 0.010817307692307692
1 0.2127403846153846 0.1778846153846154 0.04567307692307692 0.009615384615384616
1 0.2536057692307692 0.18028846153846154 0.037259615384615384 0.010817307692307692
1 0.04567307692307692 0.26802884615384615 0.003605769230769231 0.13341346153846154
1 0.046875 0.4963942307692308 0.004807692307692308 0.18389423076923078
1 0.07932692307692307 0.7572115384615384 0.004807692307692308 0.18509615384615385
1 0.05889423076923077 0.6262019230769231 0.021634615384615384 0.014423076923076924
1 0.2860576923076923 0.7740384615384616 0.004807692307692308 0.042067307692307696
1 0.46153846153846156 0.4230769230769231 0.004807692307692308 0.027644230769230768
1 0.6057692307692307 0.18870192307692307 0.026442307692307692 0.01201923076923077
1 0.6382211538461539 0.18629807692307693 0.030048076923076924 0.018028846153846152
1 0.6670673076923077 0.18629807692307693 0.027644230769230768 0.016826923076923076
1 0.6959134615384616 0.18509615384615385 0.026442307692307692 0.018028846153846152
1 0.8125 0.30408653846153844 0.04927884615384615 0.01201923076923077
1 0.8954326923076923 0.30528846153846156 0.04447115384615385 0.01201923076923077
1 0.8858173076923077 0.7139423076923077 0.03485576923076923 0.014423076923076924
1 0.8052884615384616 0.7139423076923077 0.04927884615384615 0.016826923076923076
1 0.7680288461538461 0.7451923076923077 0.008413461538461538 0.03245192307692308
1 0.7487980769230769 0.8858173076923077 0.030048076923076924 0.015625
1 0.5432692307692307 0.7536057692307693 0.007211538461538462 0.16346153846153846
2 0.2536057692307692 0.5336538461538461 0.4182692307692308 0.71875
2 0.3293269230769231 0.6742788461538461 0.08413461538461539 0.109375
2 0.2668269230769231 0.8485576923076923 0.038461538461538464 0.09254807692307693
2 0.21995192307692307 0.84375 0.046875 0.07932692307692307
2 0.6550480769230769 0.3137019230769231 0.21995192307692307 0.23798076923076922
2 0.34375 0.09975961538461539 0.22956730769230768 0.140625
2 0.5168269230769231 0.4483173076923077 0.04807692307692308 0.3125
2 0.6081730769230769 0.5420673076923077 0.12620192307692307 0.1971153846153846
2 0.6117788461538461 0.7584134615384616 0.12860576923076922 0.2283653846153846
2 0.7223557692307693 0.8293269230769231 0.09254807692307693 0.10576923076923077
2 0.7896634615384616 0.5384615384615384 0.23197115384615385 0.4855769230769231
2 0.9314903846153846 0.4987980769230769 0.038461538461538464 0.0733173076923077
2 0.90625 0.6298076923076923 0.0889423076923077 0.15865384615384615
2 0.90625 0.37740384615384615 0.08653846153846154 0.1502403846153846
0 0.5408653846153846 0.40024038461538464 0.07692307692307693 0.07692307692307693
0 0.5408653846153846 0.5096153846153846 0.07211538461538461 0.07932692307692307
0 0.6947115384615384 0.41947115384615385 0.03365384615384615 0.06850961538461539
0 0.7824519230769231 0.3629807692307692 0.036057692307692304 0.06490384615384616
0 0.6899038461538461 0.5492788461538461 0.042067307692307696 0.06370192307692307
0 0.6850961538461539 0.7415865384615384 0.036057692307692304 0.06129807692307692
0 0.7295673076923077 0.7524038461538461 0.03365384615384615 0.06610576923076923
0 0.8798076923076923 0.5612980769230769 0.03245192307692308 0.06610576923076923
0 0.8978365384615384 0.4951923076923077 0.036057692307692304 0.0673076923076923
0 0.8798076923076923 0.43149038461538464 0.030048076923076924 0.056490384615384616
0 0.3293269230769231 0.5973557692307693 0.030048076923076924 0.06129807692307692
0 0.3269230769230769 0.7367788461538461 0.036057692307692304 0.10576923076923077
0 0.26802884615384615 0.6538461538461539 0.027644230769230768 0.046875
0 0.2776442307692308 0.6971153846153846 0.036057692307692304 0.046875
0 0.27163461538461536 0.30528846153846156 0.04447115384615385 0.04326923076923077
0 0.18870192307692307 0.7752403846153846 0.025240384615384616 0.04447115384615385
0 0.22956730769230768 0.7920673076923077 0.026442307692307692 0.046875
0 0.25841346153846156 0.7896634615384616 0.019230769230769232 0.04326923076923077