2 0.5480769230769231 0.25 0.36177884615384615 0.40625
2 0.5576923076923077 0.5144230769230769 0.21754807692307693 0.12620192307692307
2 0.8161057692307693 0.37740384615384615 0.17307692307692307 0.1502403846153846
2 0.8173076923076923 0.16826923076923078 0.15865384615384615 0.2439903846153846
1 0.9086538461538461 0.15865384615384615 0.02283653846153846 0.0829326923076923
1 0.8413461538461539 0.46634615384615385 0.054086538461538464 0.028846153846153848
1 0.36778846153846156 0.2512019230769231 0.027644230769230768 0.10336538461538461
1 0.5036057692307693 0.04567307692307692 0.07572115384615384 0.030048076923076924
0 0.7007211538461539 0.41346153846153844 0.02283653846153846 0.027644230769230768
0 0.5817307692307693 0.5985576923076923 0.09134615384615384 0.051682692307692304
0 0.5769230769230769 0.46634615384615385 0.08173076923076923 0.03365384615384615