2 0.4795673076923077 0.14182692307692307 0.8161057692307693 0.18509615384615385
2 0.484375 0.5673076923076923 0.8245192307692307 0.6201923076923077
2 0.6262019230769231 0.7992788461538461 0.1141826923076923 0.15985576923076922
2 0.7307692307692307 0.7079326923076923 0.3016826923076923 0.2692307692307692
0 0.45913461538461536 0.21514423076923078 0.11658653846153846 0.09735576923076923
0 0.5252403846153846 0.6706730769230769 0.11538461538461539 0.07091346153846154
0 0.5144230769230769 0.7884615384615384 0.13341346153846154 0.07091346153846154
0 0.45913461538461536 0.9290865384615384 0.1141826923076923 0.10096153846153846
1 0.7920673076923077 0.8689903846153846 0.20192307692307693 0.025240384615384616
1 0.7367788461538461 0.24519230769230768 0.15745192307692307 0.021634615384615384
1 0.25961538461538464 0.2439903846153846 0.20192307692307693 0.025240384615384616