2 0.2692307692307692 0.14783653846153846 0.19951923076923078 0.22596153846153846
2 0.22235576923076922 0.30649038461538464 0.10576923076923077 0.06490384615384616
2 0.32572115384615385 0.30649038461538464 0.08774038461538461 0.0733173076923077
2 0.2692307692307692 0.45552884615384615 0.20552884615384615 0.22355769230769232
2 0.42788461538461536 0.5372596153846154 0.09735576923076923 0.056490384615384616
2 0.4254807692307692 0.6213942307692307 0.10817307692307693 0.09014423076923077
2 0.5552884615384616 0.5084134615384616 0.1346153846153846 0.11899038461538461
2 0.6754807692307693 0.5108173076923077 0.09014423076923077 0.11298076923076923
2 0.7692307692307693 0.5096153846153846 0.06971153846153846 0.11658653846153846
2 0.5877403846153846 0.26802884615384615 0.42427884615384615 0.4699519230769231
2 0.42788461538461536 0.09134615384615384 0.09975961538461539 0.11298076923076923
1 0.1622596153846154 0.19831730769230768 0.019230769230769232 0.11057692307692307
1 0.1658653846153846 0.4206730769230769 0.018028846153846152 0.10216346153846154
1 0.8100961538461539 0.17427884615384615 0.015625 0.22596153846153846
1 0.8088942307692307 0.38221153846153844 0.01201923076923077 0.10576923076923077
1 0.5540865384615384 0.5745192307692307 0.07091346153846154 0.018028846153846152
0 0.7548076923076923 0.42908653846153844 0.06009615384615385 0.0673076923076923
0 0.8762019230769231 0.8485576923076923 0.0889423076923077 0.14783653846153846
0 0.53125 0.71875 0.10336538461538461 0.09495192307692307
0 0.31850961538461536 0.7415865384615384 0.06009615384615385 0.054086538461538464
0 0.42427884615384615 0.5985576923076923 0.06490384615384616 0.0673076923076923
0 0.421875 0.5276442307692307 0.07211538461538461 0.0673076923076923
0 0.46274038461538464 0.47475961538461536 0.06370192307692307 0.051682692307692304
0 0.6057692307692307 0.4795673076923077 0.056490384615384616 0.040865384615384616
0 0.3557692307692308 0.12740384615384615 0.06129807692307692 0.04447115384615385
0 0.35096153846153844 0.23798076923076922 0.06850961538461539 0.06009615384615385
0 0.3942307692307692 0.2920673076923077 0.0625 0.04567307692307692
0 0.3581730769230769 0.40865384615384615 0.0625 0.05889423076923077
0 0.22596153846153846 0.359375 0.051682692307692304 0.046875
2 0.3798076923076923 0.8581730769230769 0.1971153846153846 0.18509615384615385
2 0.6634615384615384 0.8557692307692307 0.34134615384615385 0.1814903846153846