2 0.9014423076923077 0.42908653846153844 0.0985576923076923 0.16947115384615385
2 0.7536057692307693 0.42908653846153844 0.15985576923076922 0.16466346153846154
2 0.8161057692307693 0.20793269230769232 0.2776442307692308 0.24879807692307693
2 0.4879807692307692 0.5024038461538461 0.3425480769230769 0.8365384615384616
2 0.421875 0.6201923076923077 0.20793269230769232 0.1935096153846154
2 0.41947115384615385 0.8269230769230769 0.2127403846153846 0.18269230769230768
2 0.16826923076923078 0.6225961538461539 0.25240384615384615 0.5817307692307693
0 0.3004807692307692 0.4579326923076923 0.052884615384615384 0.08653846153846154
0 0.30408653846153844 0.8052884615384616 0.06129807692307692 0.09254807692307693
0 0.36658653846153844 0.7391826923076923 0.06850961538461539 0.036057692307692304
0 0.16105769230769232 0.9435096153846154 0.07091346153846154 0.04567307692307692
0 0.7752403846153846 0.5384615384615384 0.09014423076923077 0.06129807692307692
0 0.8365384615384616 0.45072115384615385 0.052884615384615384 0.07091346153846154
1 0.03125 0.4423076923076923 0.02283653846153846 0.10216346153846154
1 0.03245192307692308 0.5925480769230769 0.026442307692307692 0.17668269230769232
1 0.18870192307692307 0.31971153846153844 0.16826923076923078 0.025240384615384616
1 0.30649038461538464 0.5997596153846154 0.019230769230769232 0.06490384615384616
1 0.028846153846153848 0.8064903846153846 0.02283653846153846 0.17427884615384615
1 0.23798076923076922 0.9350961538461539 0.05048076923076923 0.018028846153846152
1 0.40625 0.9326923076923077 0.09735576923076923 0.026442307692307692
1 0.5769230769230769 0.9326923076923077 0.09014423076923077 0.036057692307692304
1 0.3076923076923077 0.203125 0.025240384615384616 0.08774038461538461
1 0.49158653846153844 0.0733173076923077 0.10216346153846154 0.030048076923076924
1 0.8125 0.07451923076923077 0.09254807692307693 0.021634615384615384
0 0.6586538461538461 0.2704326923076923 0.051682692307692304 0.09975961538461539