2 0.23918269230769232 0.15504807692307693 0.08533653846153846 0.16826923076923078
2 0.3125 0.140625 0.07091346153846154 0.15264423076923078
2 0.41586538461538464 0.14783653846153846 0.13221153846153846 0.15745192307692307
2 0.33653846153846156 0.796875 0.11899038461538461 0.17548076923076922
2 0.12620192307692307 0.7235576923076923 0.08774038461538461 0.3076923076923077
2 0.1935096153846154 0.38822115384615385 0.21995192307692307 0.33052884615384615
2 0.203125 0.43509615384615385 0.0673076923076923 0.09495192307692307
2 0.26802884615384615 0.4362980769230769 0.0625 0.09735576923076923
2 0.22235576923076922 0.5949519230769231 0.09975961538461539 0.2091346153846154
2 0.3329326923076923 0.5480769230769231 0.11057692307692307 0.2932692307692308
2 0.44591346153846156 0.5841346153846154 0.11538461538461539 0.23798076923076922
2 0.44350961538461536 0.34615384615384615 0.12740384615384615 0.22716346153846154
2 0.6911057692307693 0.5889423076923077 0.12860576923076922 0.2127403846153846
2 0.7848557692307693 0.7704326923076923 0.11177884615384616 0.1310096153846154
2 0.8569711538461539 0.5600961538461539 0.19471153846153846 0.2608173076923077
2 0.7175480769230769 0.43509615384615385 0.05889423076923077 0.078125
2 0.65625 0.4326923076923077 0.057692307692307696 0.07692307692307693
2 0.578125 0.4326923076923077 0.0829326923076923 0.08533653846153846
2 0.6971153846153846 0.171875 0.09254807692307693 0.19471153846153846
2 0.7704326923076923 0.13701923076923078 0.052884615384615384 0.13822115384615385
2 0.7439903846153846 0.24278846153846154 0.42788461538461536 0.35096153846153844
1 0.2608173076923077 0.06610576923076923 0.03245192307692308 0.016826923076923076
1 0.32091346153846156 0.0625 0.03245192307692308 0.021634615384615384
1 0.38341346153846156 0.06370192307692307 0.028846153846153848 0.02283653846153846
1 0.484375 0.30408653846153844 0.007211538461538462 0.10697115384615384
1 0.5072115384615384 0.5817307692307693 0.008413461538461538 0.0985576923076923
1 0.43149038461538464 0.7079326923076923 0.056490384615384616 0.018028846153846152
1 0.30649038461538464 0.7055288461538461 0.055288461538461536 0.026442307692307692
1 0.24158653846153846 0.7055288461538461 0.052884615384615384 0.016826923076923076
1 0.6225961538461539 0.5997596153846154 0.008413461538461538 0.06490384615384616
1 0.6887019230769231 0.7019230769230769 0.055288461538461536 0.018028846153846152
1 0.8930288461538461 0.703125 0.055288461538461536 0.016826923076923076
1 0.9615384615384616 0.5721153846153846 0.007211538461538462 0.10576923076923077
1 0.9375 0.296875 0.006009615384615385 0.1045673076923077
1 0.8377403846153846 0.06370192307692307 0.021634615384615384 0.015625
1 0.7764423076923077 0.06850961538461539 0.02283653846153846 0.025240384615384616
1 0.6995192307692307 0.06610576923076923 0.054086538461538464 0.018028846153846152
1 0.6478365384615384 0.14423076923076922 0.007211538461538462 0.046875
1 0.5829326923076923 0.21995192307692307 0.03485576923076923 0.020432692307692308
0 0.27884615384615385 0.17067307692307693 0.040865384615384616 0.0625
0 0.34134615384615385 0.15504807692307693 0.028846153846153848 0.051682692307692304
0 0.3894230769230769 0.3245192307692308 0.038461538461538464 0.056490384615384616
0 0.3629807692307692 0.24519230769230768 0.026442307692307692 0.0625
0 0.28725961538461536 0.328125 0.037259615384615384 0.06129807692307692
0 0.2956730769230769 0.47596153846153844 0.042067307692307696 0.05889423076923077
0 0.26322115384615385 0.5204326923076923 0.03245192307692308 0.06370192307692307
0 0.21995192307692307 0.5060096153846154 0.025240384615384616 0.046875
0 0.15264423076923078 0.5913461538461539 0.03365384615384615 0.07211538461538461
0 0.08774038461538461 0.7644230769230769 0.038461538461538464 0.0625
0 0.18269230769230768 0.7487980769230769 0.03485576923076923 0.06009615384615385
0 0.36658653846153844 0.7079326923076923 0.036057692307692304 0.13942307692307693
0 0.39903846153846156 0.5540865384615384 0.038461538461538464 0.06610576923076923
0 0.5805288461538461 0.4098557692307692 0.03485576923076923 0.06850961538461539
0 0.7572115384615384 0.234375 0.028846153846153848 0.06009615384615385
0 0.734375 0.2608173076923077 0.03365384615384615 0.08413461538461539
0 0.7199519230769231 0.49759615384615385 0.027644230769230768 0.057692307692307696
0 0.7704326923076923 0.5384615384615384 0.03245192307692308 0.10817307692307693
0 0.8209134615384616 0.7043269230769231 0.038461538461538464 0.1310096153846154
1 0.7752403846153846 0.7055288461538461 0.021634615384615384 0.02403846153846154