2 0.5793269230769231 0.09735576923076923 0.3161057692307692 0.1346153846153846
2 0.6899038461538461 0.27163461538461536 0.09254807692307693 0.1814903846153846
2 0.6923076923076923 0.41346153846153844 0.09495192307692307 0.08533653846153846
2 0.6911057692307693 0.5060096153846154 0.09134615384615384 0.0829326923076923
2 0.46033653846153844 0.46033653846153844 0.34375 0.5492788461538461
2 0.6237980769230769 0.6490384615384616 0.21995192307692307 0.17067307692307693
2 0.4026442307692308 0.48677884615384615 0.09014423076923077 0.1045673076923077
2 0.31971153846153844 0.4879807692307692 0.0673076923076923 0.10216346153846154
2 0.3701923076923077 0.640625 0.15865384615384615 0.18269230769230768
2 0.48197115384615385 0.8185096153846154 0.14182692307692307 0.13942307692307693
1 0.33533653846153844 0.17908653846153846 0.055288461538461536 0.010817307692307692
1 0.39783653846153844 0.18028846153846154 0.054086538461538464 0.013221153846153846
1 0.5492788461538461 0.17548076923076922 0.06850961538461539 0.016826923076923076
1 0.6117788461538461 0.7439903846153846 0.0673076923076923 0.015625
1 0.35336538461538464 0.7427884615384616 0.057692307692307696 0.015625
1 0.2860576923076923 0.6430288461538461 0.015625 0.10096153846153846
0 0.6754807692307693 0.15504807692307693 0.04447115384615385 0.07211538461538461
0 0.45072115384615385 0.15504807692307693 0.042067307692307696 0.06370192307692307
0 0.6225961538461539 0.30528846153846156 0.052884615384615384 0.06370192307692307
0 0.6670673076923077 0.3449519230769231 0.04807692307692308 0.06610576923076923
0 0.6694711538461539 0.4387019230769231 0.04927884615384615 0.06610576923076923
0 0.43509615384615385 0.46875 0.04927884615384615 0.057692307692307696
0 0.33413461538461536 0.5264423076923077 0.038461538461538464 0.06610576923076923
0 0.4362980769230769 0.5829326923076923 0.05048076923076923 0.0625
0 0.5360576923076923 0.5961538461538461 0.04807692307692308 0.04927884615384615
0 0.4807692307692308 0.7692307692307693 0.04927884615384615 0.0625