2 0.16947115384615385 0.41586538461538464 0.2403846153846154 0.49038461538461536
2 0.3762019230769231 0.27524038461538464 0.14903846153846154 0.21875
2 0.4675480769230769 0.6129807692307693 0.09735576923076923 0.14182692307692307
2 0.5637019230769231 0.41466346153846156 0.5216346153846154 0.49399038461538464
2 0.8942307692307693 0.4170673076923077 0.11658653846153846 0.49759615384615385
0 0.3762019230769231 0.42427884615384615 0.056490384615384616 0.08413461538461539
0 0.27283653846153844 0.484375 0.07091346153846154 0.0889423076923077
0 0.4699519230769231 0.5084134615384616 0.052884615384615384 0.08533653846153846
0 0.34615384615384615 0.6754807692307693 0.06009615384615385 0.15745192307692307
0 0.8569711538461539 0.4326923076923077 0.06971153846153846 0.078125
1 0.04326923076923077 0.3112980769230769 0.014423076923076924 0.16346153846153846
1 0.04447115384615385 0.48677884615384615 0.015625 0.16105769230769232
1 0.8329326923076923 0.2920673076923077 0.014423076923076924 0.18870192307692307
1 0.8317307692307693 0.5552884615384616 0.01201923076923077 0.13822115384615385