2 0.5204326923076923 0.2848557692307692 0.3161057692307692 0.5168269230769231
2 0.5504807692307693 0.05889423076923077 0.1201923076923077 0.0625
2 0.5516826923076923 0.16706730769230768 0.12139423076923077 0.14302884615384615
2 0.40384615384615385 0.33052884615384615 0.08413461538461539 0.06850961538461539
2 0.4026442307692308 0.40625 0.08052884615384616 0.078125
2 0.390625 0.49278846153846156 0.06370192307692307 0.08774038461538461
2 0.39302884615384615 0.5805288461538461 0.054086538461538464 0.07692307692307693
2 0.44471153846153844 0.5829326923076923 0.04807692307692308 0.06971153846153846
2 0.4963942307692308 0.5841346153846154 0.04807692307692308 0.0673076923076923
2 0.5673076923076923 0.5552884615384616 0.08774038461538461 0.12980769230769232
2 0.5504807692307693 0.4170673076923077 0.12379807692307693 0.12620192307692307
1 0.546875 0.09375 0.05889423076923077 0.013221153846153846
1 0.6370192307692307 0.24158653846153846 0.013221153846153846 0.009615384615384616
1 0.6574519230769231 0.3016826923076923 0.010817307692307692 0.08653846153846154
1 0.6141826923076923 0.43990384615384615 0.010817307692307692 0.0889423076923077
1 0.5721153846153846 0.6225961538461539 0.06009615384615385 0.018028846153846152
1 0.4050480769230769 0.625 0.018028846153846152 0.010817307692307692
1 0.44591346153846156 0.6237980769230769 0.019230769230769232 0.010817307692307692
2 0.4326923076923077 0.7620192307692307 0.16706730769230768 0.2692307692307692
2 0.3858173076923077 0.7692307692307693 0.07932692307692307 0.04447115384615385
2 0.3894230769230769 0.6850961538461539 0.07692307692307693 0.10817307692307693
0 0.5012019230769231 0.06850961538461539 0.027644230769230768 0.04326923076923077
0 0.5012019230769231 0.21754807692307693 0.03485576923076923 0.030048076923076924
0 0.43028846153846156 0.34615384615384615 0.030048076923076924 0.03485576923076923
0 0.453125 0.4254807692307692 0.025240384615384616 0.037259615384615384
0 0.5012019230769231 0.4230769230769231 0.03365384615384615 0.037259615384615384
0 0.40384615384615385 0.43149038461538464 0.027644230769230768 0.030048076923076924
0 0.4050480769230769 0.5264423076923077 0.02403846153846154 0.030048076923076924
0 0.45552884615384615 0.5348557692307693 0.021634615384615384 0.028846153846153848
0 0.5372596153846154 0.5072115384615384 0.03365384615384615 0.039663461538461536
0 0.4987980769230769 0.5649038461538461 0.03125 0.042067307692307696
0 0.5024038461538461 0.6430288461538461 0.03245192307692308 0.036057692307692304
0 0.4230769230769231 0.671875 0.04567307692307692 0.05048076923076923
0 0.3894230769230769 0.8088942307692307 0.05889423076923077 0.042067307692307696