2 0.7800480769230769 0.15985576923076922 0.28966346153846156 0.16706730769230768
2 0.3798076923076923 0.421875 0.25721153846153844 0.33413461538461536
2 0.5841346153846154 0.5216346153846154 0.6730769230769231 0.5492788461538461
2 0.17548076923076922 0.6694711538461539 0.125 0.24278846153846154
2 0.17548076923076922 0.46274038461538464 0.12620192307692307 0.140625
2 0.17307692307692307 0.3112980769230769 0.1201923076923077 0.1310096153846154
1 0.32211538461538464 0.25 0.22235576923076922 0.026442307692307692
1 0.7836538461538461 0.2512019230769231 0.1201923076923077 0.020432692307692308
0 0.20673076923076922 0.5697115384615384 0.06370192307692307 0.07572115384615384
0 0.26802884615384615 0.31971153846153844 0.07932692307692307 0.06490384615384616
0 0.6742788461538461 0.25 0.08413461538461539 0.16105769230769232
0 0.28846153846153844 0.5673076923076923 0.07091346153846154 0.09014423076923077
0 0.2704326923076923 0.6838942307692307 0.0829326923076923 0.07091346153846154
0 0.28725961538461536 0.8028846153846154 0.07451923076923077 0.15985576923076922