2 0.5 0.09735576923076923 0.41466346153846156 0.12860576923076922
2 0.5024038461538461 0.4795673076923077 0.41346153846153844 0.6045673076923077
2 0.37259615384615385 0.5456730769230769 0.15745192307692307 0.25600961538461536
2 0.35216346153846156 0.7764423076923077 0.11538461538461539 0.18990384615384615
2 0.5649038461538461 0.8377403846153846 0.29086538461538464 0.09375
2 0.6189903846153846 0.7019230769230769 0.1658653846153846 0.15745192307692307
2 0.6177884615384616 0.515625 0.16826923076923078 0.19591346153846154
1 0.40865384615384615 0.17067307692307693 0.125 0.013221153846153846
1 0.5973557692307693 0.171875 0.12860576923076922 0.021634615384615384
1 0.2920673076923077 0.26322115384615385 0.010817307692307692 0.10576923076923077
1 0.2920673076923077 0.6057692307692307 0.01201923076923077 0.0733173076923077
1 0.5733173076923077 0.7908653846153846 0.056490384615384616 0.01201923076923077
0 0.5024038461538461 0.13701923076923078 0.06129807692307692 0.09254807692307693
0 0.5192307692307693 0.4891826923076923 0.05048076923076923 0.056490384615384616
0 0.6814903846153846 0.49399038461538464 0.04447115384615385 0.06009615384615385
0 0.4411057692307692 0.6105769230769231 0.05048076923076923 0.054086538461538464
0 0.546875 0.6478365384615384 0.04326923076923077 0.052884615384615384
0 0.4963942307692308 0.8233173076923077 0.057692307692307696 0.07932692307692307
0 0.43509615384615385 0.8341346153846154 0.055288461538461536 0.06490384615384616