1 0.43028846153846156 0.028846153846153848 0.06490384615384616 0.020432692307692308
1 0.16466346153846154 0.15745192307692307 0.008413461538461538 0.08052884615384616
1 0.16466346153846154 0.3449519230769231 0.013221153846153846 0.08052884615384616
1 0.16346153846153846 0.43028846153846156 0.007211538461538462 0.07692307692307693
1 0.22596153846153846 0.6778846153846154 0.03245192307692308 0.01201923076923077
1 0.27403846153846156 0.8040865384615384 0.010817307692307692 0.08413461538461539
1 0.328125 0.8701923076923077 0.06850961538461539 0.021634615384615384
1 0.39783653846153844 0.8713942307692307 0.06610576923076923 0.018028846153846152
1 0.5649038461538461 0.7403846153846154 0.006009615384615385 0.056490384615384616
1 0.5637019230769231 0.6057692307692307 0.01201923076923077 0.036057692307692304
1 0.5649038461538461 0.484375 0.01201923076923077 0.038461538461538464
1 0.5649038461538461 0.41466346153846156 0.014423076923076924 0.040865384615384616
1 0.5649038461538461 0.33653846153846156 0.010817307692307692 0.03485576923076923
2 0.25600961538461536 0.13701923076923078 0.19110576923076922 0.22115384615384615
2 0.45913461538461536 0.1346153846153846 0.20192307692307693 0.21995192307692307
2 0.5144230769230769 0.3088942307692308 0.09615384615384616 0.11057692307692307
2 0.3269230769230769 0.5576923076923077 0.3233173076923077 0.6069711538461539
2 0.5096153846153846 0.8377403846153846 0.10336538461538461 0.0733173076923077
2 0.5036057692307693 0.7223557692307693 0.11298076923076923 0.12139423076923077
2 0.5348557692307693 0.6213942307692307 0.0625 0.08653846153846154
2 0.5180288461538461 0.46634615384615385 0.09735576923076923 0.19951923076923078
0 0.328125 0.23076923076923078 0.052884615384615384 0.06490384615384616
0 0.3858173076923077 0.23076923076923078 0.052884615384615384 0.06370192307692307
0 0.5384615384615384 0.3858173076923077 0.03485576923076923 0.04807692307692308
0 0.47475961538461536 0.5576923076923077 0.06610576923076923 0.06009615384615385
0 0.47115384615384615 0.6862980769230769 0.07091346153846154 0.08533653846153846
0 0.5252403846153846 0.6947115384615384 0.04927884615384615 0.06490384615384616
0 0.5036057692307693 0.8197115384615384 0.06009615384615385 0.06971153846153846