1 0.125 0.27403846153846156 0.07451923076923077 0.11177884615384616
1 0.12139423076923077 0.5048076923076923 0.06610576923076923 0.10336538461538461
2 0.4735576923076923 0.7115384615384616 0.7572115384615384 0.19110576923076922
2 0.49759615384615385 0.34975961538461536 0.6778846153846154 0.5168269230769231
2 0.5432692307692307 0.4891826923076923 0.18389423076923078 0.20673076923076922
2 0.296875 0.49158653846153844 0.2848557692307692 0.21394230769230768
0 0.20552884615384615 0.36177884615384615 0.09735576923076923 0.057692307692307696
0 0.6742788461538461 0.5084134615384616 0.09975961538461539 0.04927884615384615
0 0.703125 0.6418269230769231 0.08774038461538461 0.04927884615384615
0 0.7572115384615384 0.6670673076923077 0.11899038461538461 0.046875
1 0.11778846153846154 0.7127403846153846 0.06850961538461539 0.10336538461538461