1 0.1466346153846154 0.2091346153846154 0.12620192307692307 0.0985576923076923
1 0.14302884615384615 0.3858173076923077 0.12980769230769232 0.09735576923076923
1 0.1502403846153846 0.5612980769230769 0.13221153846153846 0.09495192307692307
1 0.13581730769230768 0.7680288461538461 0.09735576923076923 0.1045673076923077
2 0.43990384615384615 0.7692307692307693 0.5024038461538461 0.23317307692307693
2 0.796875 0.15504807692307693 0.20072115384615385 0.17427884615384615
2 0.5360576923076923 0.34375 0.6442307692307693 0.5564903846153846
0 0.6514423076923077 0.15985576923076922 0.1141826923076923 0.08173076923076923
0 0.6274038461538461 0.6418269230769231 0.11298076923076923 0.203125
0 0.6694711538461539 0.6838942307692307 0.109375 0.07211538461538461
2 0.7752403846153846 0.6706730769230769 0.125 0.13341346153846154