2 0.21754807692307693 0.06370192307692307 0.20793269230769232 0.09975961538461539
1 0.22956730769230768 0.01201923076923077 0.08774038461538461 0.018028846153846152
1 0.4735576923076923 0.010817307692307692 0.109375 0.015625
1 0.65625 0.010817307692307692 0.0889423076923077 0.014423076923076924
1 0.8257211538461539 0.010817307692307692 0.10216346153846154 0.010817307692307692
1 0.10336538461538461 0.23076923076923078 0.01201923076923077 0.06971153846153846
1 0.1045673076923077 0.375 0.004807692307692308 0.1141826923076923
1 0.2091346153846154 0.49399038461538464 0.09975961538461539 0.01201923076923077
1 0.39783653846153844 0.49399038461538464 0.07451923076923077 0.013221153846153846
1 0.4807692307692308 0.49399038461538464 0.07692307692307693 0.020432692307692308
1 0.6983173076923077 0.9915865384615384 0.06370192307692307 0.015625
1 0.7860576923076923 0.9915865384615384 0.06490384615384616 0.016826923076923076
2 0.4699519230769231 0.5348557692307693 0.9302884615384616 0.4879807692307692
2 0.6430288461538461 0.7259615384615384 0.12980769230769232 0.2127403846153846
1 0.5769230769230769 0.7475961538461539 0.014423076923076924 0.06490384615384616
2 0.7524038461538461 0.8858173076923077 0.35216346153846156 0.20793269230769232
2 0.8197115384615384 0.3858173076923077 0.21394230769230768 0.21033653846153846
2 0.7560096153846154 0.2668269230769231 0.08533653846153846 0.06850961538461539
2 0.8149038461538461 0.11899038461538461 0.22355769230769232 0.21634615384615385
2 0.6646634615384616 0.08774038461538461 0.16466346153846154 0.15504807692307693
2 0.5144230769230769 0.25 0.36899038461538464 0.4723557692307692
2 0.21514423076923078 0.38461538461538464 0.21153846153846154 0.19951923076923078
2 0.15745192307692307 0.1971153846153846 0.09615384615384616 0.1622596153846154
2 0.2644230769230769 0.2283653846153846 0.11057692307692307 0.09134615384615384
2 0.26322115384615385 0.14302884615384615 0.11298076923076923 0.057692307692307696
0 0.08413461538461539 0.07932692307692307 0.0625 0.052884615384615384
0 0.25961538461538464 0.09735576923076923 0.055288461538461536 0.056490384615384616
0 0.30649038461538464 0.08533653846153846 0.06370192307692307 0.06370192307692307
0 0.6778846153846154 0.14903846153846154 0.039663461538461536 0.05889423076923077
0 0.7271634615384616 0.19951923076923078 0.06009615384615385 0.057692307692307696
0 0.6887019230769231 0.265625 0.056490384615384616 0.0625
0 0.7307692307692307 0.3389423076923077 0.06009615384615385 0.054086538461538464
0 0.9567307692307693 0.8966346153846154 0.06129807692307692 0.11177884615384616
0 0.7391826923076923 0.6875 0.08173076923076923 0.0625
0 0.7475961538461539 0.7644230769230769 0.057692307692307696 0.0673076923076923
0 0.5540865384615384 0.6862980769230769 0.0673076923076923 0.06490384615384616
0 0.29447115384615385 0.5168269230769231 0.057692307692307696 0.0625
0 0.3545673076923077 0.3918269230769231 0.07211538461538461 0.12259615384615384
0 0.171875 0.3088942307692308 0.057692307692307696 0.055288461538461536
0 0.18990384615384615 0.25961538461538464 0.04927884615384615 0.040865384615384616
0 0.6550480769230769 0.5192307692307693 0.06129807692307692 0.0733173076923077
0 0.13341346153846154 0.140625 0.046875 0.06009615384615385
1 0.9326923076923077 0.3954326923076923 0.020432692307692308 0.11298076923076923