2 0.11658653846153846 0.1814903846153846 0.12379807692307693 0.2091346153846154
2 0.5432692307692307 0.42427884615384615 0.7211538461538461 0.6911057692307693
2 0.26322115384615385 0.7127403846153846 0.13581730769230768 0.12379807692307693
2 0.3918269230769231 0.7163461538461539 0.1045673076923077 0.11177884615384616
2 0.3545673076923077 0.875 0.3137019230769231 0.1971153846153846
2 0.12980769230769232 0.8737980769230769 0.1310096153846154 0.18870192307692307
2 0.3137019230769231 0.5564903846153846 0.24158653846153846 0.171875
2 0.8545673076923077 0.5264423076923077 0.10216346153846154 0.14302884615384615
2 0.7199519230769231 0.4807692307692308 0.13822115384615385 0.052884615384615384
2 0.7776442307692307 0.3713942307692308 0.24519230769230768 0.1622596153846154
1 0.9086538461538461 0.1622596153846154 0.015625 0.09375
1 0.9074519230769231 0.3641826923076923 0.021634615384615384 0.07091346153846154
1 0.9110576923076923 0.5252403846153846 0.01201923076923077 0.04447115384615385
1 0.4206730769230769 0.07572115384615384 0.12740384615384615 0.025240384615384616
1 0.18389423076923078 0.38341346153846156 0.015625 0.09495192307692307
1 0.18629807692307693 0.5649038461538461 0.016826923076923076 0.10096153846153846
1 0.18629807692307693 0.71875 0.009615384615384616 0.04807692307692308
0 0.15625 0.24759615384615385 0.08173076923076923 0.054086538461538464
0 0.6225961538461539 0.34975961538461536 0.07692307692307693 0.04807692307692308
0 0.6370192307692307 0.4879807692307692 0.04807692307692308 0.03245192307692308
0 0.6117788461538461 0.4891826923076923 0.0673076923076923 0.046875
0 0.8798076923076923 0.4375 0.042067307692307696 0.03365384615384615
0 0.47115384615384615 0.5649038461538461 0.07572115384615384 0.04927884615384615
0 0.35096153846153844 0.7115384615384616 0.05048076923076923 0.037259615384615384
0 0.4675480769230769 0.7223557692307693 0.0625 0.040865384615384616
0 0.484375 0.8004807692307693 0.06610576923076923 0.06009615384615385