1 0.140625 0.1658653846153846 0.10096153846153846 0.030048076923076924
1 0.06490384615384616 0.21514423076923078 0.021634615384615384 0.04326923076923077
1 0.359375 0.1658653846153846 0.07451923076923077 0.025240384615384616
1 0.06850961538461539 0.6430288461538461 0.018028846153846152 0.04927884615384615
1 0.5805288461538461 0.7235576923076923 0.08653846153846154 0.026442307692307692
1 0.5144230769230769 0.6766826923076923 0.021634615384615384 0.04567307692307692
1 0.5108173076923077 0.45913461538461536 0.018028846153846152 0.0625
1 0.5132211538461539 0.24158653846153846 0.027644230769230768 0.09615384615384616
1 0.5877403846153846 0.1658653846153846 0.09735576923076923 0.03245192307692308
1 0.8137019230769231 0.16466346153846154 0.07091346153846154 0.025240384615384616
2 0.1622596153846154 0.31850961538461536 0.1778846153846154 0.27403846153846156
2 0.33774038461538464 0.32572115384615385 0.1466346153846154 0.27283653846153844
2 0.10576923076923077 0.5204326923076923 0.057692307692307696 0.12259615384615384
2 0.28365384615384615 0.5192307692307693 0.2800480769230769 0.125
2 0.12139423076923077 0.6466346153846154 0.09014423076923077 0.11057692307692307
2 0.2932692307692308 0.6478365384615384 0.2548076923076923 0.11298076923076923
2 0.7644230769230769 0.09134615384615384 0.19831730769230768 0.11899038461538461
2 0.6959134615384616 0.4483173076923077 0.3425480769230769 0.53125
2 0.8233173076923077 0.65625 0.09375 0.1201923076923077
2 0.8701923076923077 0.7848557692307693 0.1875 0.09735576923076923
2 0.7163461538461539 0.8353365384615384 0.11057692307692307 0.20432692307692307
0 0.7584134615384616 0.6213942307692307 0.04326923076923077 0.056490384615384616
0 0.734375 0.6959134615384616 0.056490384615384616 0.04447115384615385
0 0.7475961538461539 0.1310096153846154 0.054086538461538464 0.037259615384615384
0 0.7512019230769231 0.1935096153846154 0.05048076923076923 0.04326923076923077
0 0.2956730769230769 0.19591346153846154 0.046875 0.036057692307692304
0 0.28725961538461536 0.44350961538461536 0.04927884615384615 0.042067307692307696
0 0.2283653846153846 0.44471153846153844 0.04326923076923077 0.040865384615384616
0 0.12139423076923077 0.44471153846153844 0.038461538461538464 0.037259615384615384
0 0.22115384615384615 0.5492788461538461 0.040865384615384616 0.05889423076923077
0 0.28966346153846156 0.5709134615384616 0.042067307692307696 0.04807692307692308
0 0.1814903846153846 0.6189903846153846 0.027644230769230768 0.039663461538461536
0 0.8088942307692307 0.8629807692307693 0.04927884615384615 0.056490384615384616