2 0.48677884615384615 0.10576923076923077 0.7451923076923077 0.13701923076923078
2 0.4807692307692308 0.3557692307692308 0.7223557692307693 0.29447115384615385
2 0.3112980769230769 0.37259615384615385 0.4074519230769231 0.14423076923076922
2 0.32572115384615385 0.6117788461538461 0.38461538461538464 0.18870192307692307
2 0.28725961538461536 0.7596153846153846 0.3016826923076923 0.11298076923076923
2 0.6935096153846154 0.6646634615384616 0.33774038461538464 0.3088942307692308
0 0.2548076923076923 0.15264423076923078 0.1778846153846154 0.1141826923076923
0 0.6009615384615384 0.640625 0.17427884615384615 0.08653846153846154
0 0.3401442307692308 0.6658653846153846 0.15985576923076922 0.08173076923076923
0 0.7139423076923077 0.8713942307692307 0.16947115384615385 0.10216346153846154
1 0.5552884615384616 0.19471153846153846 0.29927884615384615 0.03485576923076923