2 0.41947115384615385 0.09975961538461539 0.17548076923076922 0.15264423076923078
1 0.5408653846153846 0.26322115384615385 0.008413461538461538 0.051682692307692304
1 0.5396634615384616 0.3629807692307692 0.006009615384615385 0.05889423076923077
1 0.39663461538461536 0.5492788461538461 0.04807692307692308 0.01201923076923077
1 0.33653846153846156 0.546875 0.052884615384615384 0.021634615384615384
1 0.20793269230769232 0.5480769230769231 0.052884615384615384 0.013221153846153846
1 0.15264423076923078 0.3485576923076923 0.007211538461538462 0.05889423076923077
1 0.19831730769230768 0.18389423076923078 0.040865384615384616 0.014423076923076924
1 0.14182692307692307 0.890625 0.06610576923076923 0.007211538461538462
1 0.21394230769230768 0.8894230769230769 0.0673076923076923 0.015625
2 0.203125 0.24879807692307693 0.0985576923076923 0.12740384615384615
2 0.20192307692307693 0.3798076923076923 0.09375 0.125
2 0.20192307692307693 0.4795673076923077 0.09735576923076923 0.12980769230769232
2 0.2800480769230769 0.2127403846153846 0.04807692307692308 0.06129807692307692
2 0.38100961538461536 0.3641826923076923 0.2548076923076923 0.36658653846153844
2 0.42788461538461536 0.3161057692307692 0.04927884615384615 0.07932692307692307
2 0.4543269230769231 0.22956730769230768 0.0985576923076923 0.10096153846153846
2 0.49399038461538464 0.25961538461538464 0.030048076923076924 0.040865384615384616
2 0.4795673076923077 0.31850961538461536 0.046875 0.078125
2 0.4326923076923077 0.6610576923076923 0.15384615384615385 0.21754807692307693
2 0.16346153846153846 0.7199519230769231 0.1141826923076923 0.055288461538461536
2 0.23677884615384615 0.7175480769230769 0.03485576923076923 0.052884615384615384
2 0.17908653846153846 0.8173076923076923 0.14182692307692307 0.1310096153846154
2 0.6310096153846154 0.31009615384615385 0.17668269230769232 0.25240384615384615
2 0.6598557692307693 0.2283653846153846 0.056490384615384616 0.09134615384615384
2 0.7896634615384616 0.2668269230769231 0.20192307692307693 0.17067307692307693
2 0.7908653846153846 0.4495192307692308 0.20072115384615385 0.18990384615384615
2 0.6141826923076923 0.49399038461538464 0.140625 0.09254807692307693
0 0.6526442307692307 0.28966346153846156 0.03125 0.04326923076923077
0 0.6790865384615384 0.3137019230769231 0.03125 0.030048076923076924
0 0.6694711538461539 0.46033653846153844 0.027644230769230768 0.040865384615384616
0 0.4639423076923077 0.5336538461538461 0.056490384615384616 0.04567307692307692
0 0.22716346153846154 0.7211538461538461 0.03125 0.03365384615384615
0 0.2692307692307692 0.5649038461538461 0.027644230769230768 0.04567307692307692
0 0.24278846153846154 0.4579326923076923 0.03245192307692308 0.037259615384615384
0 0.2403846153846154 0.3942307692307692 0.02403846153846154 0.030048076923076924
0 0.24278846153846154 0.28966346153846156 0.025240384615384616 0.03125
0 0.27524038461538464 0.25721153846153844 0.021634615384615384 0.03485576923076923
0 0.3942307692307692 0.2283653846153846 0.02283653846153846 0.028846153846153848
0 0.4723557692307692 0.19591346153846154 0.025240384615384616 0.03245192307692308
0 0.4723557692307692 0.2620192307692308 0.016826923076923076 0.02403846153846154
0 0.47115384615384615 0.2620192307692308 0.03125 0.036057692307692304
0 0.4639423076923077 0.2980769230769231 0.025240384615384616 0.027644230769230768