1 0.7740384615384616 0.78125 0.019230769230769232 0.021634615384615384
1 0.7079326923076923 0.1045673076923077 0.03125 0.016826923076923076
1 0.8449519230769231 0.10216346153846154 0.028846153846153848 0.018028846153846152
1 0.7776442307692307 0.10216346153846154 0.06490384615384616 0.020432692307692308
1 0.5721153846153846 0.23677884615384615 0.04567307692307692 0.015625
1 0.39302884615384615 0.23918269230769232 0.04567307692307692 0.016826923076923076
1 0.625 0.671875 0.009615384615384616 0.1045673076923077
2 0.4855769230769231 0.12860576923076922 0.28365384615384615 0.18990384615384615
2 0.4807692307692308 0.44711538461538464 0.28725961538461536 0.41466346153846156
2 0.38822115384615385 0.5853365384615384 0.09134615384615384 0.14903846153846154
2 0.3894230769230769 0.7211538461538461 0.09254807692307693 0.11177884615384616
2 0.3894230769230769 0.8425480769230769 0.09615384615384616 0.10576923076923077
2 0.4831730769230769 0.8713942307692307 0.08413461538461539 0.1778846153846154
2 0.4807692307692308 0.7211538461538461 0.078125 0.09975961538461539
2 0.5769230769230769 0.6622596153846154 0.09014423076923077 0.2283653846153846
2 0.7752403846153846 0.1658653846153846 0.2403846153846154 0.12259615384615384
2 0.7740384615384616 0.3858173076923077 0.24158653846153846 0.2956730769230769
2 0.7091346153846154 0.4855769230769231 0.03365384615384615 0.10697115384615384
2 0.7752403846153846 0.6622596153846154 0.2403846153846154 0.21754807692307693
0 0.7740384615384616 0.20673076923076922 0.03365384615384615 0.08413461538461539
0 0.7848557692307693 0.5204326923076923 0.026442307692307692 0.06009615384615385
0 0.7379807692307693 0.4639423076923077 0.03125 0.056490384615384616
0 0.4855769230769231 0.20552884615384615 0.036057692307692304 0.06850961538461539
0 0.5144230769230769 0.6117788461538461 0.03245192307692308 0.07211538461538461
0 0.44711538461538464 0.625 0.03365384615384615 0.055288461538461536
0 0.4807692307692308 0.6923076923076923 0.03125 0.07211538461538461
0 0.4831730769230769 0.8100961538461539 0.03485576923076923 0.0829326923076923
0 0.4519230769230769 0.8413461538461539 0.03365384615384615 0.06610576923076923
0 0.40625 0.6418269230769231 0.026442307692307692 0.056490384615384616