2 0.07451923076923077 0.19471153846153846 0.10336538461538461 0.2247596153846154
2 0.4807692307692308 0.43990384615384615 0.875 0.6971153846153846
2 0.5793269230769231 0.16947115384615385 0.24158653846153846 0.16947115384615385
2 0.7644230769230769 0.4266826923076923 0.296875 0.18389423076923078
2 0.65625 0.5901442307692307 0.078125 0.11658653846153846
2 0.7680288461538461 0.6538461538461539 0.3004807692307692 0.26322115384615385
2 0.4387019230769231 0.41947115384615385 0.11177884615384616 0.16346153846153846
1 0.5552884615384616 0.07572115384615384 0.11658653846153846 0.030048076923076924
1 0.9338942307692307 0.17307692307692307 0.030048076923076924 0.17067307692307693
1 0.9350961538461539 0.43149038461538464 0.038461538461538464 0.17908653846153846
1 0.9350961538461539 0.6971153846153846 0.030048076923076924 0.16947115384615385
0 0.5733173076923077 0.2764423076923077 0.05048076923076923 0.04447115384615385
0 0.6346153846153846 0.29447115384615385 0.04807692307692308 0.06129807692307692
0 0.5961538461538461 0.43990384615384615 0.056490384615384616 0.04927884615384615
0 0.5132211538461539 0.42788461538461536 0.042067307692307696 0.046875
0 0.13221153846153846 0.2824519230769231 0.10697115384615384 0.06490384615384616
0 0.6009615384615384 0.625 0.038461538461538464 0.04447115384615385
0 0.8016826923076923 0.5480769230769231 0.06129807692307692 0.06009615384615385
0 0.5997596153846154 0.7103365384615384 0.04326923076923077 0.0625
0 0.5829326923076923 0.7992788461538461 0.055288461538461536 0.0889423076923077