1 0.14182692307692307 0.10576923076923077 0.09254807692307693 0.028846153846153848
1 0.29086538461538464 0.10336538461538461 0.06129807692307692 0.02283653846153846
1 0.38221153846153844 0.10336538461538461 0.05889423076923077 0.03125
1 0.46634615384615385 0.10336538461538461 0.0625 0.02283653846153846
1 0.6502403846153846 0.1622596153846154 0.055288461538461536 0.02283653846153846
1 0.4014423076923077 0.7728365384615384 0.08653846153846154 0.02403846153846154
1 0.17908653846153846 0.7728365384615384 0.08774038461538461 0.02403846153846154
2 0.8545673076923077 0.33653846153846156 0.17427884615384615 0.171875
2 0.609375 0.21995192307692307 0.1814903846153846 0.1201923076923077
2 0.6105769230769231 0.36177884615384615 0.18028846153846154 0.15865384615384615
2 0.6454326923076923 0.5048076923076923 0.11298076923076923 0.1201923076923077
2 0.6430288461538461 0.6670673076923077 0.11538461538461539 0.20072115384615385
2 0.6466346153846154 0.8353365384615384 0.11177884615384616 0.10216346153846154
2 0.328125 0.4362980769230769 0.5108173076923077 0.6634615384615384
2 0.18389423076923078 0.6430288461538461 0.22355769230769232 0.23918269230769232
2 0.40024038461538464 0.6454326923076923 0.1875 0.23557692307692307
0 0.4519230769230769 0.5757211538461539 0.051682692307692304 0.08173076923076923
0 0.2620192307692308 0.5528846153846154 0.04927884615384615 0.06850961538461539
0 0.5288461538461539 0.5576923076923077 0.056490384615384616 0.07451923076923077
0 0.5637019230769231 0.6778846153846154 0.0625 0.05889423076923077
0 0.4951923076923077 0.2247596153846154 0.051682692307692304 0.051682692307692304
0 0.5588942307692307 0.12980769230769232 0.055288461538461536 0.055288461538461536
0 0.5853365384615384 0.30288461538461536 0.051682692307692304 0.054086538461538464
0 0.6358173076923077 0.47115384615384615 0.04927884615384615 0.057692307692307696
0 0.5540865384615384 0.7932692307692307 0.046875 0.052884615384615384
0 0.5685096153846154 0.8377403846153846 0.040865384615384616 0.056490384615384616