2 0.08653846153846154 0.26802884615384615 0.08653846153846154 0.14423076923076922
1 0.07932692307692307 0.3485576923076923 0.06129807692307692 0.01201923076923077
1 0.040865384615384616 0.41346153846153844 0.009615384615384616 0.07091346153846154
1 0.040865384615384616 0.5108173076923077 0.010817307692307692 0.027644230769230768
1 0.18269230769230768 0.5733173076923077 0.03365384615384615 0.009615384615384616
1 0.4206730769230769 0.19110576923076922 0.06490384615384616 0.014423076923076924
1 0.31971153846153844 0.19110576923076922 0.020432692307692308 0.013221153846153846
1 0.5168269230769231 0.41466346153846156 0.010817307692307692 0.07572115384615384
1 0.5168269230769231 0.5180288461538461 0.008413461538461538 0.02403846153846154
1 0.5540865384615384 0.3485576923076923 0.052884615384615384 0.009615384615384616
1 0.6069711538461539 0.25 0.006009615384615385 0.0985576923076923
1 0.6778846153846154 0.17307692307692307 0.09254807692307693 0.028846153846153848
1 0.8028846153846154 0.19230769230769232 0.04567307692307692 0.008413461538461538
1 0.890625 0.19110576923076922 0.051682692307692304 0.01201923076923077
1 0.9615384615384616 0.4074519230769231 0.008413461538461538 0.025240384615384616
1 0.9038461538461539 0.5733173076923077 0.057692307692307696 0.010817307692307692
1 0.8125 0.5745192307692307 0.055288461538461536 0.006009615384615385
1 0.7175480769230769 0.5769230769230769 0.018028846153846152 0.006009615384615385
1 0.6454326923076923 0.5733173076923077 0.055288461538461536 0.007211538461538462
2 0.7427884615384616 0.6370192307692307 0.23918269230769232 0.125
2 0.7007211538461539 0.7295673076923077 0.15384615384615385 0.06129807692307692
2 0.23197115384615385 0.2620192307692308 0.1935096153846154 0.140625
2 0.4110576923076923 0.26322115384615385 0.1502403846153846 0.14302884615384615
2 0.38461538461538464 0.33052884615384615 0.03365384615384615 0.039663461538461536
2 0.44471153846153844 0.3786057692307692 0.0829326923076923 0.14543269230769232
2 0.45552884615384615 0.5132211538461539 0.057692307692307696 0.10096153846153846
2 0.28725961538461536 0.4543269230769231 0.27163461538461536 0.22596153846153846
2 0.09495192307692307 0.45913461538461536 0.10576923076923077 0.21995192307692307
2 0.5588942307692307 0.26802884615384615 0.08413461538461539 0.15384615384615385
2 0.8317307692307693 0.21875 0.04567307692307692 0.05889423076923077
2 0.8293269230769231 0.30288461538461536 0.04807692307692308 0.09495192307692307
2 0.9038461538461539 0.26802884615384615 0.10336538461538461 0.15865384615384615
2 0.9254807692307693 0.3870192307692308 0.06370192307692307 0.06490384615384616
2 0.9134615384615384 0.4987980769230769 0.09014423076923077 0.14423076923076922
2 0.8173076923076923 0.49759615384615385 0.09375 0.1502403846153846
2 0.6983173076923077 0.3713942307692308 0.37259615384615385 0.40384615384615385
2 0.7716346153846154 0.25240384615384615 0.05889423076923077 0.11057692307692307
2 0.828125 0.21875 0.042067307692307696 0.06129807692307692
2 0.828125 0.30408653846153844 0.04447115384615385 0.10096153846153846
0 0.8617788461538461 0.2127403846153846 0.027644230769230768 0.03245192307692308
0 0.8665865384615384 0.3401442307692308 0.025240384615384616 0.03245192307692308
0 0.8389423076923077 0.3629807692307692 0.021634615384615384 0.028846153846153848
0 0.8605769230769231 0.4362980769230769 0.052884615384615384 0.03365384615384615
0 0.8870192307692307 0.4026442307692308 0.037259615384615384 0.039663461538461536
0 0.7572115384615384 0.49158653846153844 0.03365384615384615 0.03485576923076923
0 0.7524038461538461 0.5901442307692307 0.039663461538461536 0.046875
0 0.6165865384615384 0.5132211538461539 0.030048076923076924 0.036057692307692304
0 0.6959134615384616 0.4423076923076923 0.030048076923076924 0.03125
0 0.6069711538461539 0.3125 0.052884615384615384 0.039663461538461536
0 0.41586538461538464 0.3786057692307692 0.03125 0.037259615384615384
0 0.4170673076923077 0.484375 0.027644230769230768 0.025240384615384616
0 0.3641826923076923 0.47475961538461536 0.026442307692307692 0.042067307692307696
0 0.3629807692307692 0.3942307692307692 0.026442307692307692 0.042067307692307696
0 0.3473557692307692 0.32091346153846156 0.02403846153846154 0.03365384615384615
0 0.28846153846153844 0.34975961538461536 0.028846153846153848 0.036057692307692304
0 0.12980769230769232 0.3125 0.056490384615384616 0.03125
0 0.1658653846153846 0.3798076923076923 0.030048076923076924 0.04567307692307692
0 0.0985576923076923 0.6009615384615384 0.0829326923076923 0.06490384615384616