1 0.17067307692307693 0.12620192307692307 0.009615384615384616 0.018028846153846152
1 0.24639423076923078 0.14182692307692307 0.0673076923076923 0.010817307692307692
1 0.057692307692307696 0.2091346153846154 0.008413461538461538 0.016826923076923076
1 0.057692307692307696 0.2668269230769231 0.008413461538461538 0.015625
1 0.057692307692307696 0.3425480769230769 0.01201923076923077 0.03485576923076923
1 0.057692307692307696 0.41466346153846156 0.009615384615384616 0.037259615384615384
1 0.0985576923076923 0.4723557692307692 0.021634615384615384 0.009615384615384616
1 0.24759615384615385 0.5456730769230769 0.021634615384615384 0.010817307692307692
1 0.18269230769230768 0.6971153846153846 0.009615384615384616 0.014423076923076924
1 0.4050480769230769 0.6971153846153846 0.009615384615384616 0.015625
1 0.1814903846153846 0.7728365384615384 0.013221153846153846 0.04447115384615385
1 0.4050480769230769 0.7716346153846154 0.01201923076923077 0.04567307692307692
1 0.6887019230769231 0.5504807692307693 0.016826923076923076 0.004807692307692308
1 0.5721153846153846 0.4699519230769231 0.021634615384615384 0.013221153846153846
1 0.46634615384615385 0.4014423076923077 0.01201923076923077 0.052884615384615384
1 0.4651442307692308 0.25600961538461536 0.01201923076923077 0.03365384615384615
1 0.4651442307692308 0.16105769230769232 0.013221153846153846 0.054086538461538464
1 0.515625 0.10817307692307693 0.054086538461538464 0.006009615384615385
1 0.578125 0.12259615384615384 0.01201923076923077 0.021634615384615384
1 0.6526442307692307 0.13822115384615385 0.06850961538461539 0.010817307692307692
2 0.23197115384615385 0.08653846153846154 0.12259615384615384 0.09735576923076923
2 0.1141826923076923 0.14302884615384615 0.10817307692307693 0.06009615384615385
2 0.09375 0.20793269230769232 0.06850961538461539 0.055288461538461536
2 0.15144230769230768 0.21033653846153846 0.038461538461538464 0.06009615384615385
2 0.17307692307692307 0.265625 0.2247596153846154 0.23798076923076922
2 0.09495192307692307 0.2704326923076923 0.0673076923076923 0.05889423076923077
2 0.14903846153846154 0.26802884615384615 0.03245192307692308 0.054086538461538464
2 0.2548076923076923 0.4098557692307692 0.0625 0.11538461538461539
2 0.13942307692307693 0.4230769230769231 0.15625 0.0889423076923077
2 0.28966346153846156 0.5096153846153846 0.18629807692307693 0.06490384615384616
2 0.33052884615384615 0.5673076923076923 0.125 0.036057692307692304
2 0.2920673076923077 0.8269230769230769 0.21153846153846154 0.22716346153846154
2 0.3473557692307692 0.6814903846153846 0.10697115384615384 0.05048076923076923
2 0.23677884615384615 0.6826923076923077 0.10216346153846154 0.04927884615384615
1 0.8870192307692307 0.46875 0.06129807692307692 0.008413461538461538
1 0.8990384615384616 0.13942307692307693 0.07211538461538461 0.010817307692307692
2 0.8846153846153846 0.09735576923076923 0.11298076923076923 0.07211538461538461
2 0.8473557692307693 0.18870192307692307 0.18389423076923078 0.15504807692307693
2 0.6057692307692307 0.0985576923076923 0.18389423076923078 0.07091346153846154
2 0.5817307692307693 0.25961538461538464 0.22596153846153846 0.29927884615384615
2 0.6742788461538461 0.38100961538461536 0.036057692307692304 0.06129807692307692
2 0.5396634615384616 0.41346153846153844 0.13341346153846154 0.0985576923076923
2 0.6514423076923077 0.43990384615384615 0.08533653846153846 0.04927884615384615
2 0.6754807692307693 0.5108173076923077 0.04326923076923077 0.07211538461538461
2 0.6009615384615384 0.5132211538461539 0.09975961538461539 0.078125
2 0.8028846153846154 0.3112980769230769 0.09134615384615384 0.08774038461538461
2 0.8894230769230769 0.3088942307692308 0.0985576923076923 0.0889423076923077
2 0.8473557692307693 0.4110576923076923 0.18509615384615385 0.10817307692307693
0 0.19230769230769232 0.12980769230769232 0.03365384615384615 0.037259615384615384
0 0.15745192307692307 0.16105769230769232 0.03485576923076923 0.026442307692307692
0 0.18389423076923078 0.21033653846153846 0.036057692307692304 0.03125
0 0.1141826923076923 0.19110576923076922 0.027644230769230768 0.03125
0 0.11177884615384616 0.22596153846153846 0.03485576923076923 0.03365384615384615
0 0.23557692307692307 0.3701923076923077 0.036057692307692304 0.025240384615384616
0 0.18629807692307693 0.37740384615384615 0.027644230769230768 0.030048076923076924
0 0.28846153846153844 0.5612980769230769 0.03125 0.036057692307692304
0 0.33774038461538464 0.48677884615384615 0.03125 0.037259615384615384
0 0.24278846153846154 0.4879807692307692 0.03485576923076923 0.039663461538461536
0 0.6033653846153846 0.13942307692307693 0.03245192307692308 0.06490384615384616
0 0.6382211538461539 0.38461538461538464 0.038461538461538464 0.03125
0 0.5745192307692307 0.38221153846153844 0.038461538461538464 0.028846153846153848
0 0.6310096153846154 0.42788461538461536 0.03365384615384615 0.03245192307692308
0 0.6394230769230769 0.5276442307692307 0.04326923076923077 0.037259615384615384
0 0.6310096153846154 0.4831730769230769 0.030048076923076924 0.038461538461538464
0 0.35096153846153844 0.640625 0.03365384615384615 0.038461538461538464
0 0.2403846153846154 0.6394230769230769 0.038461538461538464 0.039663461538461536
0 0.8461538461538461 0.13942307692307693 0.03125 0.06490384615384616
0 0.8581730769230769 0.27403846153846156 0.028846153846153848 0.028846153846153848
0 0.8521634615384616 0.3016826923076923 0.03365384615384615 0.025240384615384616
0 0.8689903846153846 0.34134615384615385 0.028846153846153848 0.03125