2 0.7319711538461539 0.7355769230769231 0.1502403846153846 0.13341346153846154
2 0.8665865384615384 0.5612980769230769 0.19110576923076922 0.203125
2 0.9230769230769231 0.39783653846153844 0.07692307692307693 0.10336538461538461
1 0.8822115384615384 0.11177884615384616 0.06971153846153846 0.016826923076923076
1 0.7355769230769231 0.1141826923076923 0.0733173076923077 0.007211538461538462
1 0.5480769230769231 0.11177884615384616 0.08653846153846154 0.01201923076923077
1 0.3485576923076923 0.11057692307692307 0.07572115384615384 0.010817307692307692
1 0.1658653846153846 0.11298076923076923 0.04326923076923077 0.013221153846153846
1 0.08413461538461539 0.42427884615384615 0.01201923076923077 0.11538461538461539
1 0.8870192307692307 0.6694711538461539 0.06971153846153846 0.014423076923076924
1 0.5504807692307693 0.8064903846153846 0.08533653846153846 0.007211538461538462
1 0.3425480769230769 0.8040865384615384 0.056490384615384616 0.013221153846153846
0 0.06009615384615385 0.1778846153846154 0.05889423076923077 0.06129807692307692
2 0.17067307692307693 0.18389423076923078 0.17668269230769232 0.13701923076923078
2 0.17067307692307693 0.44591346153846156 0.17067307692307693 0.37740384615384615
2 0.17427884615384615 0.7199519230769231 0.17427884615384615 0.1622596153846154
2 0.3557692307692308 0.7139423076923077 0.17548076923076922 0.15865384615384615
2 0.2980769230769231 0.5697115384615384 0.06850961538461539 0.11778846153846154
2 0.39302884615384615 0.5673076923076923 0.10216346153846154 0.1141826923076923
2 0.390625 0.4411057692307692 0.09735576923076923 0.11658653846153846
2 0.296875 0.43509615384615385 0.06850961538461539 0.1201923076923077
1 0.17427884615384615 0.640625 0.13221153846153846 0.01201923076923077
2 0.5697115384615384 0.4567307692307692 0.6129807692307693 0.6802884615384616
2 0.7319711538461539 0.7379807692307693 0.1466346153846154 0.13581730769230768
2 0.8894230769230769 0.2247596153846154 0.15865384615384615 0.21875
2 0.734375 0.22355769230769232 0.14423076923076922 0.2247596153846154
2 0.7091346153846154 0.6057692307692307 0.09375 0.10576923076923077
0 0.24639423076923078 0.40865384615384615 0.055288461538461536 0.057692307692307696
0 0.24759615384615385 0.7091346153846154 0.0625 0.07451923076923077
0 0.3173076923076923 0.6526442307692307 0.040865384615384616 0.06009615384615385
0 0.375 0.6586538461538461 0.04927884615384615 0.07932692307692307
0 0.3786057692307692 0.5360576923076923 0.054086538461538464 0.0673076923076923
0 0.46634615384615385 0.7199519230769231 0.06129807692307692 0.06971153846153846
0 0.7019230769230769 0.6983173076923077 0.056490384615384616 0.078125
0 0.7019230769230769 0.5865384615384616 0.051682692307692304 0.07572115384615384
0 0.7932692307692307 0.48197115384615385 0.04807692307692308 0.07451923076923077
0 0.8581730769230769 0.421875 0.05048076923076923 0.06610576923076923
0 0.7848557692307693 0.3173076923076923 0.055288461538461536 0.0673076923076923
0 0.8377403846153846 0.3173076923076923 0.054086538461538464 0.07451923076923077
1 0.9675480769230769 0.37740384615384615 0.008413461538461538 0.03485576923076923