1 0.5096153846153846 0.5420673076923077 0.10336538461538461 0.015625
1 0.6129807692307693 0.5456730769230769 0.09975961538461539 0.015625
1 0.7223557692307693 0.5420673076923077 0.10216346153846154 0.014423076923076924
1 0.8293269230769231 0.546875 0.0985576923076923 0.015625
1 0.9002403846153846 0.7223557692307693 0.02403846153846154 0.042067307692307696
1 0.22235576923076922 0.6153846153846154 0.10096153846153846 0.008413461538461538
1 0.3245192307692308 0.6153846153846154 0.10096153846153846 0.007211538461538462
1 0.09615384615384616 0.37740384615384615 0.015625 0.0889423076923077
1 0.22355769230769232 0.13341346153846154 0.09735576923076923 0.007211538461538462
1 0.328125 0.13581730769230768 0.10817307692307693 0.009615384615384616
1 0.6826923076923077 0.06610576923076923 0.42908653846153844 0.018028846153846152
1 0.9050480769230769 0.24278846153846154 0.020432692307692308 0.042067307692307696
1 0.8064903846153846 0.39663461538461536 0.11057692307692307 0.015625
1 0.5973557692307693 0.3954326923076923 0.08173076923076923 0.015625
2 0.23076923076923078 0.3737980769230769 0.265625 0.1814903846153846
2 0.3161057692307692 0.09495192307692307 0.27524038461538464 0.07091346153846154
2 0.5372596153846154 0.2668269230769231 0.7283653846153846 0.40865384615384615
2 0.5036057692307693 0.35697115384615385 0.07451923076923077 0.0673076923076923
2 0.6045673076923077 0.35697115384615385 0.09735576923076923 0.0625
2 0.8149038461538461 0.28125 0.15144230769230768 0.21754807692307693
2 0.6983173076923077 0.35697115384615385 0.0625 0.06129807692307692
0 0.7524038461538461 0.3473557692307692 0.054086538461538464 0.03365384615384615
0 0.828125 0.18870192307692307 0.042067307692307696 0.03365384615384615
0 0.7211538461538461 0.3125 0.055288461538461536 0.028846153846153848
0 0.6045673076923077 0.31850961538461536 0.039663461538461536 0.020432692307692308
0 0.4855769230769231 0.3173076923076923 0.037259615384615384 0.02283653846153846
0 0.4206730769230769 0.12259615384615384 0.05048076923076923 0.036057692307692304
0 0.4026442307692308 0.3605769230769231 0.04447115384615385 0.030048076923076924
0 0.4411057692307692 0.35336538461538464 0.028846153846153848 0.02283653846153846
0 0.4411057692307692 0.39903846153846156 0.03245192307692308 0.020432692307692308
0 0.4014423076923077 0.4026442307692308 0.05889423076923077 0.040865384615384616
0 0.17668269230769232 0.49399038461538464 0.15985576923076922 0.06009615384615385
2 0.30649038461538464 0.5757211538461539 0.2824519230769231 0.07091346153846154
2 0.5661057692307693 0.6177884615384616 0.203125 0.15264423076923078
2 0.7788461538461539 0.6213942307692307 0.21514423076923078 0.14423076923076922
2 0.8076923076923077 0.7848557692307693 0.15384615384615385 0.17307692307692307
2 0.6346153846153846 0.8413461538461539 0.1935096153846154 0.0625
2 0.44471153846153844 0.7091346153846154 0.5516826923076923 0.1814903846153846
0 0.6442307692307693 0.6826923076923077 0.04927884615384615 0.025240384615384616
0 0.6971153846153846 0.6850961538461539 0.037259615384615384 0.025240384615384616
0 0.7211538461538461 0.7920673076923077 0.04447115384615385 0.027644230769230768
0 0.6394230769230769 0.7932692307692307 0.036057692307692304 0.025240384615384616
0 0.47716346153846156 0.7956730769230769 0.037259615384615384 0.02403846153846154
0 0.4266826923076923 0.7992788461538461 0.055288461538461536 0.025240384615384616
0 0.3076923076923077 0.7944711538461539 0.054086538461538464 0.02403846153846154
0 0.19110576923076922 0.7992788461538461 0.05048076923076923 0.027644230769230768
2 0.1658653846153846 0.9098557692307693 0.16105769230769232 0.06971153846153846
0 0.19110576923076922 0.8822115384615384 0.04567307692307692 0.02403846153846154
2 0.16706730769230768 0.8137019230769231 0.15985576923076922 0.11057692307692307
2 0.3088942307692308 0.8774038461538461 0.11057692307692307 0.14302884615384615
2 0.3918269230769231 0.8413461538461539 0.10336538461538461 0.054086538461538464
2 0.4951923076923077 0.8377403846153846 0.08173076923076923 0.0625
0 0.41225961538461536 0.6069711538461539 0.054086538461538464 0.03365384615384615