1 0.04447115384615385 0.24639423076923078 0.019230769230769232 0.2620192307692308
1 0.042067307692307696 0.6165865384615384 0.019230769230769232 0.2283653846153846
1 0.828125 0.203125 0.021634615384615384 0.28846153846153844
2 0.6201923076923077 0.2620192307692308 0.4014423076923077 0.4338942307692308
2 0.8894230769230769 0.24278846153846154 0.11298076923076923 0.4338942307692308
2 0.234375 0.24639423076923078 0.3581730769230769 0.40024038461538464
2 0.3942307692307692 0.6586538461538461 0.24879807692307693 0.4014423076923077
2 0.3137019230769231 0.7139423076923077 0.0985576923076923 0.27283653846153844
2 0.1502403846153846 0.6574519230769231 0.2091346153846154 0.40384615384615385
0 0.3161057692307692 0.40384615384615385 0.05889423076923077 0.11177884615384616
0 0.23677884615384615 0.5168269230769231 0.06009615384615385 0.09615384615384616
0 0.32572115384615385 0.5348557692307693 0.055288461538461536 0.10216346153846154
0 0.4891826923076923 0.49759615384615385 0.057692307692307696 0.10697115384615384
0 0.4639423076923077 0.8665865384615384 0.06009615384615385 0.21033653846153846
0 0.8269230769230769 0.39903846153846156 0.11177884615384616 0.10096153846153846