1 0.3401442307692308 0.24158653846153846 0.0673076923076923 0.028846153846153848
1 0.453125 0.2403846153846154 0.03245192307692308 0.03365384615384615
1 0.7584134615384616 0.3605769230769231 0.027644230769230768 0.08533653846153846
1 0.7560096153846154 0.5432692307692307 0.026442307692307692 0.08413461538461539
1 0.7572115384615384 0.6754807692307693 0.027644230769230768 0.10576923076923077
2 0.6526442307692307 0.12620192307692307 0.14783653846153846 0.1935096153846154
2 0.49399038461538464 0.5240384615384616 0.5048076923076923 0.5360576923076923
2 0.46153846153846156 0.5060096153846154 0.0889423076923077 0.2608173076923077
2 0.46274038461538464 0.31009615384615385 0.09014423076923077 0.1141826923076923
0 0.4423076923076923 0.6454326923076923 0.04807692307692308 0.1310096153846154
0 0.3016826923076923 0.8064903846153846 0.056490384615384616 0.15745192307692307
0 0.6526442307692307 0.24158653846153846 0.042067307692307696 0.13942307692307693
0 0.4411057692307692 0.3954326923076923 0.036057692307692304 0.06009615384615385