2 0.2620192307692308 0.11778846153846154 0.45913461538461536 0.22596153846153846
1 0.12620192307692307 0.23918269230769232 0.11899038461538461 0.021634615384615384
1 0.3870192307692308 0.23918269230769232 0.125 0.016826923076923076
1 0.6033653846153846 0.23918269230769232 0.1310096153846154 0.016826923076923076
1 0.8725961538461539 0.23918269230769232 0.12259615384615384 0.019230769230769232
1 0.6670673076923077 0.7752403846153846 0.03245192307692308 0.016826923076923076
2 0.8882211538461539 0.8701923076923077 0.1622596153846154 0.17908653846153846
2 0.9302884615384616 0.6862980769230769 0.06490384615384616 0.125
2 0.7379807692307693 0.7463942307692307 0.08774038461538461 0.039663461538461536
2 0.7223557692307693 0.8713942307692307 0.1502403846153846 0.17668269230769232
2 0.7463942307692307 0.5072115384615384 0.43509615384615385 0.5168269230769231
2 0.36899038461538464 0.6887019230769231 0.21514423076923078 0.1502403846153846
2 0.40625 0.5949519230769231 0.140625 0.10576923076923077
2 0.09735576923076923 0.5564903846153846 0.11298076923076923 0.11899038461538461
2 0.14783653846153846 0.6322115384615384 0.2127403846153846 0.27283653846153844
2 0.36899038461538464 0.4230769230769231 0.2247596153846154 0.35697115384615385
2 0.14423076923076922 0.36658653846153844 0.21153846153846154 0.23798076923076922
2 0.15985576923076922 0.16105769230769232 0.2548076923076923 0.12860576923076922
2 0.6442307692307693 0.16947115384615385 0.25 0.11658653846153846
0 0.21634615384615385 0.23918269230769232 0.06129807692307692 0.12620192307692307
0 0.21754807692307693 0.46634615384615385 0.054086538461538464 0.0625
0 0.2800480769230769 0.53125 0.05889423076923077 0.054086538461538464
0 0.17908653846153846 0.5492788461538461 0.055288461538461536 0.042067307692307696
0 0.23317307692307693 0.6850961538461539 0.051682692307692304 0.04447115384615385
0 0.36899038461538464 0.6766826923076923 0.042067307692307696 0.056490384615384616
0 0.703125 0.24158653846153846 0.06009615384615385 0.12620192307692307
0 0.8605769230769231 0.5925480769230769 0.056490384615384616 0.06490384615384616
0 0.8689903846153846 0.6862980769230769 0.06490384615384616 0.055288461538461536
0 0.7475961538461539 0.6923076923076923 0.051682692307692304 0.056490384615384616
0 0.7439903846153846 0.8028846153846154 0.06009615384615385 0.07211538461538461
0 0.7728365384615384 0.8930288461538461 0.06490384615384616 0.054086538461538464