1 0.057692307692307696 0.21634615384615385 0.027644230769230768 0.18389423076923078
1 0.057692307692307696 0.6081730769230769 0.026442307692307692 0.3137019230769231
1 0.9399038461538461 0.5757211538461539 0.021634615384615384 0.1778846153846154
1 0.8605769230769231 0.24639423076923078 0.020432692307692308 0.21875
2 0.9074519230769231 0.20072115384615385 0.07932692307692307 0.3173076923076923
2 0.7800480769230769 0.53125 0.2932692307692308 0.2776442307692308
2 0.3425480769230769 0.5913461538461539 0.13701923076923078 0.14302884615384615
2 0.15985576923076922 0.6274038461538461 0.17548076923076922 0.4519230769230769
2 0.24519230769230768 0.21634615384615385 0.3473557692307692 0.3473557692307692
2 0.5528846153846154 0.3605769230769231 0.6009615384615384 0.6286057692307693
0 0.29447115384615385 0.3449519230769231 0.06971153846153846 0.09615384615384616
0 0.22355769230769232 0.4675480769230769 0.06370192307692307 0.07451923076923077
0 0.32572115384615385 0.48197115384615385 0.05048076923076923 0.07692307692307693
0 0.47596153846153844 0.6838942307692307 0.08173076923076923 0.19951923076923078
0 0.6586538461538461 0.6334134615384616 0.06129807692307692 0.07572115384615384
0 0.8305288461538461 0.09375 0.08413461538461539 0.09735576923076923