1 0.27283653846153844 0.24519230769230768 0.17307692307692307 0.028846153846153848
1 0.7596153846153846 0.2439903846153846 0.20552884615384615 0.03485576923076923
2 0.27884615384615385 0.38822115384615385 0.3954326923076923 0.25
2 0.17307692307692307 0.5901442307692307 0.16466346153846154 0.13581730769230768
2 0.36658653846153844 0.5913461538461539 0.21754807692307693 0.1502403846153846
2 0.5841346153846154 0.5516826923076923 0.6670673076923077 0.5733173076923077
2 0.7019230769230769 0.13341346153846154 0.421875 0.18870192307692307
0 0.6081730769230769 0.24759615384615385 0.10576923076923077 0.21875
0 0.5276442307692307 0.38822115384615385 0.1201923076923077 0.09735576923076923
0 0.29447115384615385 0.6153846153846154 0.08774038461538461 0.07692307692307693
0 0.36778846153846156 0.6971153846153846 0.078125 0.07572115384615384
0 0.4050480769230769 0.8461538461538461 0.13822115384615385 0.2247596153846154