1 0.009615384615384616 0.3004807692307692 0.014423076923076924 0.11177884615384616
1 0.013221153846153846 0.5180288461538461 0.015625 0.13701923076923078
1 0.009615384615384616 0.7007211538461539 0.015625 0.11538461538461539
1 0.33774038461538464 0.7992788461538461 0.07572115384615384 0.018028846153846152
1 0.36538461538461536 0.19951923076923078 0.12740384615384615 0.025240384615384616
1 0.5144230769230769 0.3112980769230769 0.014423076923076924 0.11057692307692307
1 0.8677884615384616 0.20192307692307693 0.13822115384615385 0.020432692307692308
1 0.5108173076923077 0.4831730769230769 0.015625 0.04447115384615385
1 0.5120192307692307 0.5637019230769231 0.013221153846153846 0.055288461538461536
1 0.5108173076923077 0.7175480769230769 0.015625 0.11298076923076923
2 0.09254807692307693 0.13581730769230768 0.15264423076923078 0.11778846153846154
2 0.3737980769230769 0.3425480769230769 0.16466346153846154 0.2668269230769231
2 0.40024038461538464 0.5480769230769231 0.10817307692307693 0.12740384615384615
2 0.3713942307692308 0.7055288461538461 0.1658653846153846 0.17908653846153846
2 0.3161057692307692 0.5444711538461539 0.05048076923076923 0.12620192307692307
2 0.15264423076923078 0.6057692307692307 0.2608173076923077 0.3786057692307692
2 0.15264423076923078 0.31850961538461536 0.26322115384615385 0.2247596153846154
2 0.23197115384615385 0.13221153846153846 0.11778846153846154 0.11899038461538461
2 0.6225961538461539 0.3293269230769231 0.20432692307692307 0.234375
2 0.6478365384615384 0.14423076923076922 0.25961538461538464 0.10096153846153846
2 0.6346153846153846 0.7043269230769231 0.23317307692307693 0.18389423076923078
2 0.8137019230769231 0.8677884615384616 0.203125 0.12259615384615384
2 0.78125 0.7572115384615384 0.06129807692307692 0.07572115384615384
2 0.5949519230769231 0.5625 0.14903846153846154 0.07692307692307693
2 0.7415865384615384 0.5048076923076923 0.4411057692307692 0.5901442307692307
0 0.7475961538461539 0.1814903846153846 0.03365384615384615 0.05889423076923077
0 0.7079326923076923 0.38100961538461536 0.039663461538461536 0.04927884615384615
0 0.6850961538461539 0.5721153846153846 0.036057692307692304 0.042067307692307696
0 0.7872596153846154 0.6995192307692307 0.03365384615384615 0.05048076923076923
0 0.7331730769230769 0.6862980769230769 0.042067307692307696 0.052884615384615384
0 0.7800480769230769 0.8233173076923077 0.03245192307692308 0.06129807692307692
0 0.375 0.6322115384615384 0.036057692307692304 0.046875
0 0.27163461538461536 0.7572115384615384 0.038461538461538464 0.05048076923076923
0 0.27163461538461536 0.546875 0.040865384615384616 0.039663461538461536
0 0.3016826923076923 0.45072115384615385 0.040865384615384616 0.05048076923076923
0 0.2512019230769231 0.3942307692307692 0.03245192307692308 0.042067307692307696
0 0.2439903846153846 0.17908653846153846 0.03125 0.052884615384615384
0 0.1875 0.13942307692307693 0.03485576923076923 0.03485576923076923