2 0.39903846153846156 0.140625 0.09375 0.036057692307692304
2 0.609375 0.13822115384615385 0.09495192307692307 0.040865384615384616
2 0.8209134615384616 0.140625 0.09375 0.037259615384615384
2 0.08413461538461539 0.3245192307692308 0.030048076923076924 0.15264423076923078
2 0.08653846153846154 0.5913461538461539 0.030048076923076924 0.1201923076923077
2 0.921875 0.8112980769230769 0.03485576923076923 0.09014423076923077
0 0.7908653846153846 0.7728365384615384 0.23076923076923078 0.27163461538461536
0 0.3016826923076923 0.328125 0.3942307692307692 0.33653846153846156
0 0.25240384615384615 0.6237980769230769 0.29927884615384615 0.2247596153846154
0 0.5384615384615384 0.6237980769230769 0.2548076923076923 0.23076923076923078
0 0.6310096153846154 0.36538461538461536 0.2548076923076923 0.41346153846153844
0 0.7920673076923077 0.39783653846153844 0.234375 0.47475961538461536
1 0.5637019230769231 0.1935096153846154 0.04807692307692308 0.04807692307692308
1 0.5649038461538461 0.2536057692307692 0.04807692307692308 0.051682692307692304
1 0.5661057692307693 0.3269230769230769 0.04807692307692308 0.046875
1 0.5673076923076923 0.3858173076923077 0.04567307692307692 0.046875
1 0.48197115384615385 0.46634615384615385 0.04326923076923077 0.051682692307692304
1 0.453125 0.4723557692307692 0.07091346153846154 0.0829326923076923
1 0.3798076923076923 0.5540865384615384 0.06850961538461539 0.0733173076923077
1 0.3389423076923077 0.6490384615384616 0.04447115384615385 0.04447115384615385
1 0.33653846153846156 0.7079326923076923 0.04807692307692308 0.040865384615384616
1 0.45552884615384615 0.7884615384615384 0.07451923076923077 0.09615384615384616
1 0.6346153846153846 0.7079326923076923 0.06009615384615385 0.07932692307692307
1 0.5661057692307693 0.5408653846153846 0.046875 0.051682692307692304
1 0.5901442307692307 0.5444711538461539 0.06009615384615385 0.07451923076923077
1 0.7007211538461539 0.65625 0.039663461538461536 0.056490384615384616
1 0.6995192307692307 0.6826923076923077 0.06490384615384616 0.06850961538461539
1 0.75 0.6586538461538461 0.04447115384615385 0.06490384615384616
1 0.8846153846153846 0.8401442307692307 0.04447115384615385 0.054086538461538464
1 0.8810096153846154 0.5576923076923077 0.04567307692307692 0.05048076923076923
1 0.8125 0.6057692307692307 0.055288461538461536 0.06971153846153846