2 0.33533653846153844 0.20192307692307693 0.09975961538461539 0.016826923076923076
2 0.5444711538461539 0.20072115384615385 0.10216346153846154 0.02283653846153846
2 0.7199519230769231 0.19831730769230768 0.10576923076923077 0.02403846153846154
2 0.9555288461538461 0.23557692307692307 0.02403846153846154 0.02283653846153846
2 0.9567307692307693 0.5048076923076923 0.025240384615384616 0.02283653846153846
2 0.9567307692307693 0.7692307692307693 0.03125 0.08774038461538461
2 0.4098557692307692 0.8365384615384616 0.12379807692307693 0.02403846153846154
2 0.203125 0.8389423076923077 0.11177884615384616 0.010817307692307692
1 0.5673076923076923 0.8677884615384616 0.09615384615384616 0.08052884615384616
1 0.6598557692307693 0.9194711538461539 0.08533653846153846 0.04447115384615385
1 0.5997596153846154 0.8016826923076923 0.06129807692307692 0.039663461538461536
0 0.8293269230769231 0.9014423076923077 0.25240384615384615 0.10697115384615384
0 0.6033653846153846 0.9086538461538461 0.17908653846153846 0.11778846153846154
0 0.49759615384615385 0.11298076923076923 0.9254807692307693 0.15144230769230768
0 0.7800480769230769 0.3269230769230769 0.31850961538461536 0.23918269230769232
0 0.6887019230769231 0.5060096153846154 0.11658653846153846 0.10216346153846154
0 0.8461538461538461 0.5036057692307693 0.19471153846153846 0.10096153846153846
0 0.7776442307692307 0.6971153846153846 0.3293269230769231 0.25841346153846156
0 0.16947115384615385 0.7175480769230769 0.23918269230769232 0.22115384615384615
0 0.1502403846153846 0.3269230769230769 0.21153846153846154 0.2283653846153846
0 0.140625 0.5060096153846154 0.17548076923076922 0.11177884615384616
0 0.43990384615384615 0.5180288461538461 0.34615384615384615 0.6105769230769231
1 0.15384615384615385 0.17548076923076922 0.10096153846153846 0.0829326923076923
1 0.43990384615384615 0.16947115384615385 0.09975961538461539 0.07692307692307693
1 0.30649038461538464 0.41466346153846156 0.09975961538461539 0.06610576923076923
1 0.6646634615384616 0.4182692307692308 0.10697115384615384 0.05889423076923077
1 0.8497596153846154 0.42427884615384615 0.08413461538461539 0.057692307692307696
1 0.5853365384615384 0.53125 0.07572115384615384 0.056490384615384616
1 0.1875 0.4254807692307692 0.08173076923076923 0.06850961538461539
1 0.24759615384615385 0.7055288461538461 0.09014423076923077 0.0673076923076923