2 0.15384615384615385 0.2548076923076923 0.020432692307692308 0.3076923076923077
2 0.08653846153846154 0.765625 0.021634615384615384 0.19230769230769232
2 0.9639423076923077 0.8052884615384616 0.020432692307692308 0.11778846153846154
2 0.9651442307692307 0.5408653846153846 0.015625 0.1875
2 0.9675480769230769 0.2644230769230769 0.013221153846153846 0.19110576923076922
0 0.09254807692307693 0.30649038461538464 0.09975961538461539 0.4987980769230769
0 0.2439903846153846 0.765625 0.29086538461538464 0.34615384615384615
0 0.4423076923076923 0.6586538461538461 0.08653846153846154 0.12379807692307693
0 0.44350961538461536 0.8365384615384616 0.08774038461538461 0.18870192307692307
0 0.5685096153846154 0.14423076923076922 0.13942307692307693 0.18389423076923078
0 0.5625 0.3137019230769231 0.13221153846153846 0.15504807692307693
0 0.7992788461538461 0.21634615384615385 0.31971153846153844 0.33774038461538464
0 0.6923076923076923 0.7608173076923077 0.11899038461538461 0.3401442307692308
0 0.5588942307692307 0.4951923076923077 0.7908653846153846 0.8810096153846154
1 0.6658653846153846 0.35096153846153844 0.06490384615384616 0.12980769230769232
1 0.5576923076923077 0.44471153846153844 0.051682692307692304 0.11057692307692307
1 0.15264423076923078 0.4795673076923077 0.15264423076923078 0.11658653846153846
1 0.6610576923076923 0.5384615384615384 0.054086538461538464 0.1045673076923077
1 0.28846153846153844 0.6322115384615384 0.06009615384615385 0.11778846153846154
1 0.4170673076923077 0.6382211538461539 0.054086538461538464 0.07451923076923077
1 0.4699519230769231 0.6358173076923077 0.05048076923076923 0.078125
1 0.46875 0.7836538461538461 0.05889423076923077 0.0889423076923077
1 0.5564903846153846 0.8822115384615384 0.07211538461538461 0.15264423076923078